ID,round,choice,reward
0,0,0,17.0
0,1,0,17.0
0,2,0,17.0
0,3,0,17.0
0,4,0,17.0
0,5,0,17.0
0,6,0,17.0
0,7,0,17.0
0,8,0,17.0
0,9,0,17.0
0,10,0,17.0
0,11,0,17.0
0,12,0,17.0
0,13,0,17.0
0,14,0,17.0
0,15,0,17.0
0,16,0,17.0
0,17,0,17.0
0,18,0,17.0
0,19,0,17.0
0,20,0,17.0
0,21,0,17.0
0,22,0,17.0
0,23,0,17.0
0,24,0,17.0
0,25,0,17.0
0,26,0,17.0
0,27,0,17.0
0,28,0,17.0
0,29,0,17.0
0,30,0,17.0
0,31,0,17.0
0,32,0,17.0
0,33,0,17.0
0,34,0,17.0
0,35,0,17.0
0,36,0,17.0
0,37,0,17.0
0,38,0,17.0
0,39,0,17.0
0,40,0,17.0
0,41,0,17.0
0,42,0,17.0
0,43,0,17.0
0,44,0,17.0
0,45,0,17.0
0,46,0,17.0
0,47,0,17.0
0,48,0,17.0
0,49,0,17.0
0,50,0,17.0
0,51,0,17.0
0,52,0,17.0
0,53,0,17.0
0,54,0,17.0
0,55,0,17.0
0,56,0,17.0
0,57,0,17.0
0,58,0,17.0
0,59,0,17.0
0,60,0,17.0
0,61,0,17.0
0,62,0,17.0
0,63,0,17.0
0,64,0,17.0
0,65,0,17.0
0,66,0,17.0
0,67,0,17.0
0,68,0,17.0
0,69,0,17.0
0,70,0,17.0
0,71,0,17.0
0,72,0,17.0
0,73,0,17.0
0,74,0,17.0
0,75,0,17.0
0,76,0,17.0
0,77,0,17.0
0,78,0,17.0
0,79,0,17.0
0,80,0,17.0
0,81,0,17.0
0,82,0,17.0
0,83,0,17.0
0,84,0,17.0
0,85,0,17.0
0,86,0,17.0
0,87,0,17.0
0,88,0,17.0
0,89,0,17.0
0,90,0,17.0
0,91,0,17.0
0,92,0,17.0
0,93,0,17.0
0,94,0,17.0
0,95,0,17.0
0,96,0,17.0
0,97,0,17.0
0,98,0,17.0
0,99,0,17.0
1,0,1,5.0
1,1,1,0.0
1,2,1,0.0
1,3,1,0.0
1,4,1,5.0
1,5,1,0.0
1,6,1,0.0
1,7,1,5.0
1,8,1,0.0
1,9,1,0.0
1,10,1,0.0
1,11,0,17.0
1,12,0,17.0
1,13,0,17.0
1,14,0,17.0
1,15,0,17.0
1,16,0,17.0
1,17,0,17.0
1,18,0,17.0
1,19,0,17.0
1,20,0,17.0
1,21,0,17.0
1,22,0,17.0
1,23,0,17.0
1,24,0,17.0
1,25,0,17.0
1,26,0,17.0
1,27,0,17.0
1,28,0,17.0
1,29,0,17.0
1,30,0,17.0
1,31,0,17.0
1,32,0,17.0
1,33,0,17.0
1,34,0,17.0
1,35,0,17.0
1,36,0,17.0
1,37,0,17.0
1,38,0,17.0
1,39,0,17.0
1,40,0,17.0
1,41,0,17.0
1,42,0,17.0
1,43,0,17.0
1,44,0,17.0
1,45,0,17.0
1,46,0,17.0
1,47,0,17.0
1,48,0,17.0
1,49,0,17.0
1,50,0,17.0
1,51,0,17.0
1,52,0,17.0
1,53,0,17.0
1,54,0,17.0
1,55,0,17.0
1,56,0,17.0
1,57,0,17.0
1,58,0,17.0
1,59,0,17.0
1,60,0,17.0
1,61,0,17.0
1,62,0,17.0
1,63,0,17.0
1,64,0,17.0
1,65,0,17.0
1,66,0,17.0
1,67,0,17.0
1,68,0,17.0
1,69,0,17.0
1,70,0,17.0
1,71,0,17.0
1,72,0,17.0
1,73,0,17.0
1,74,0,17.0
1,75,0,17.0
1,76,0,17.0
1,77,0,17.0
1,78,0,17.0
1,79,0,17.0
1,80,0,17.0
1,81,0,17.0
1,82,0,17.0
1,83,0,17.0
1,84,0,17.0
1,85,0,17.0
1,86,0,17.0
1,87,0,17.0
1,88,0,17.0
1,89,0,17.0
1,90,0,17.0
1,91,0,17.0
1,92,0,17.0
1,93,0,17.0
1,94,0,17.0
1,95,0,17.0
1,96,0,17.0
1,97,0,17.0
1,98,0,17.0
1,99,0,17.0
2,0,1,5.0
2,1,1,0.0
2,2,0,17.0
2,3,0,17.0
2,4,0,17.0
2,5,0,17.0
2,6,0,17.0
2,7,0,17.0
2,8,0,17.0
2,9,0,17.0
2,10,0,17.0
2,11,0,17.0
2,12,0,17.0
2,13,0,17.0
2,14,0,17.0
2,15,0,17.0
2,16,0,17.0
2,17,0,17.0
2,18,0,17.0
2,19,0,17.0
2,20,0,17.0
2,21,0,17.0
2,22,0,17.0
2,23,0,17.0
2,24,0,17.0
2,25,0,17.0
2,26,0,17.0
2,27,0,17.0
2,28,0,17.0
2,29,0,17.0
2,30,0,17.0
2,31,0,17.0
2,32,0,17.0
2,33,0,17.0
2,34,0,17.0
2,35,0,17.0
2,36,0,17.0
2,37,0,17.0
2,38,0,17.0
2,39,0,17.0
2,40,0,17.0
2,41,0,17.0
2,42,0,17.0
2,43,0,17.0
2,44,0,17.0
2,45,0,17.0
2,46,0,17.0
2,47,0,17.0
2,48,0,17.0
2,49,0,17.0
2,50,0,17.0
2,51,0,17.0
2,52,0,17.0
2,53,0,17.0
2,54,0,17.0
2,55,0,17.0
2,56,0,17.0
2,57,0,17.0
2,58,0,17.0
2,59,0,17.0
2,60,0,17.0
2,61,0,17.0
2,62,0,17.0
2,63,0,17.0
2,64,0,17.0
2,65,0,17.0
2,66,0,17.0
2,67,0,17.0
2,68,0,17.0
2,69,0,17.0
2,70,0,17.0
2,71,0,17.0
2,72,0,17.0
2,73,0,17.0
2,74,0,17.0
2,75,0,17.0
2,76,0,17.0
2,77,0,17.0
2,78,0,17.0
2,79,0,17.0
2,80,0,17.0
2,81,0,17.0
2,82,0,17.0
2,83,0,17.0
2,84,0,17.0
2,85,0,17.0
2,86,0,17.0
2,87,0,17.0
2,88,0,17.0
2,89,0,17.0
2,90,0,17.0
2,91,0,17.0
2,92,0,17.0
2,93,0,17.0
2,94,0,17.0
2,95,0,17.0
2,96,0,17.0
2,97,0,17.0
2,98,0,17.0
2,99,0,17.0
3,0,0,17.0
3,1,0,17.0
3,2,0,17.0
3,3,0,17.0
3,4,0,17.0
3,5,0,17.0
3,6,0,17.0
3,7,0,17.0
3,8,0,17.0
3,9,0,17.0
3,10,0,17.0
3,11,0,17.0
3,12,0,17.0
3,13,0,17.0
3,14,0,17.0
3,15,0,17.0
3,16,0,17.0
3,17,0,17.0
3,18,0,17.0
3,19,0,17.0
3,20,0,17.0
3,21,0,17.0
3,22,0,17.0
3,23,0,17.0
3,24,0,17.0
3,25,0,17.0
3,26,0,17.0
3,27,0,17.0
3,28,0,17.0
3,29,0,17.0
3,30,0,17.0
3,31,0,17.0
3,32,0,17.0
3,33,0,17.0
3,34,0,17.0
3,35,0,17.0
3,36,0,17.0
3,37,0,17.0
3,38,0,17.0
3,39,0,17.0
3,40,0,17.0
3,41,0,17.0
3,42,0,17.0
3,43,0,17.0
3,44,0,17.0
3,45,0,17.0
3,46,0,17.0
3,47,0,17.0
3,48,0,17.0
3,49,0,17.0
3,50,0,17.0
3,51,0,17.0
3,52,0,17.0
3,53,0,17.0
3,54,0,17.0
3,55,0,17.0
3,56,0,17.0
3,57,0,17.0
3,58,0,17.0
3,59,0,17.0
3,60,0,17.0
3,61,0,17.0
3,62,0,17.0
3,63,0,17.0
3,64,0,17.0
3,65,0,17.0
3,66,0,17.0
3,67,0,17.0
3,68,0,17.0
3,69,0,17.0
3,70,0,17.0
3,71,0,17.0
3,72,0,17.0
3,73,0,17.0
3,74,0,17.0
3,75,0,17.0
3,76,0,17.0
3,77,0,17.0
3,78,0,17.0
3,79,0,17.0
3,80,0,17.0
3,81,0,17.0
3,82,0,17.0
3,83,0,17.0
3,84,0,17.0
3,85,0,17.0
3,86,0,17.0
3,87,0,17.0
3,88,0,17.0
3,89,0,17.0
3,90,0,17.0
3,91,0,17.0
3,92,0,17.0
3,93,0,17.0
3,94,0,17.0
3,95,0,17.0
3,96,0,17.0
3,97,0,17.0
3,98,0,17.0
3,99,0,17.0
4,0,0,17.0
4,1,0,17.0
4,2,0,17.0
4,3,0,17.0
4,4,0,17.0
4,5,0,17.0
4,6,0,17.0
4,7,0,17.0
4,8,0,17.0
4,9,0,17.0
4,10,0,17.0
4,11,0,17.0
4,12,0,17.0
4,13,0,17.0
4,14,0,17.0
4,15,0,17.0
4,16,0,17.0
4,17,0,17.0
4,18,0,17.0
4,19,0,17.0
4,20,0,17.0
4,21,0,17.0
4,22,0,17.0
4,23,0,17.0
4,24,0,17.0
4,25,0,17.0
4,26,0,17.0
4,27,0,17.0
4,28,0,17.0
4,29,0,17.0
4,30,0,17.0
4,31,0,17.0
4,32,0,17.0
4,33,0,17.0
4,34,0,17.0
4,35,0,17.0
4,36,0,17.0
4,37,0,17.0
4,38,0,17.0
4,39,0,17.0
4,40,0,17.0
4,41,0,17.0
4,42,0,17.0
4,43,0,17.0
4,44,0,17.0
4,45,0,17.0
4,46,0,17.0
4,47,0,17.0
4,48,0,17.0
4,49,0,17.0
4,50,0,17.0
4,51,0,17.0
4,52,0,17.0
4,53,0,17.0
4,54,0,17.0
4,55,0,17.0
4,56,0,17.0
4,57,0,17.0
4,58,0,17.0
4,59,0,17.0
4,60,0,17.0
4,61,0,17.0
4,62,0,17.0
4,63,0,17.0
4,64,0,17.0
4,65,0,17.0
4,66,0,17.0
4,67,0,17.0
4,68,0,17.0
4,69,0,17.0
4,70,0,17.0
4,71,0,17.0
4,72,0,17.0
4,73,0,17.0
4,74,0,17.0
4,75,0,17.0
4,76,0,17.0
4,77,0,17.0
4,78,0,17.0
4,79,0,17.0
4,80,0,17.0
4,81,0,17.0
4,82,0,17.0
4,83,0,17.0
4,84,0,17.0
4,85,0,17.0
4,86,0,17.0
4,87,0,17.0
4,88,0,17.0
4,89,0,17.0
4,90,0,17.0
4,91,0,17.0
4,92,0,17.0
4,93,0,17.0
4,94,0,17.0
4,95,0,17.0
4,96,0,17.0
4,97,0,17.0
4,98,0,17.0
4,99,0,17.0
5,0,1,5.0
5,1,1,5.0
5,2,1,0.0
5,3,1,0.0
5,4,0,17.0
5,5,0,17.0
5,6,0,17.0
5,7,0,17.0
5,8,0,17.0
5,9,0,17.0
5,10,0,17.0
5,11,0,17.0
5,12,0,17.0
5,13,0,17.0
5,14,0,17.0
5,15,0,17.0
5,16,0,17.0
5,17,0,17.0
5,18,0,17.0
5,19,0,17.0
5,20,0,17.0
5,21,0,17.0
5,22,0,17.0
5,23,0,17.0
5,24,0,17.0
5,25,0,17.0
5,26,0,17.0
5,27,0,17.0
5,28,0,17.0
5,29,0,17.0
5,30,0,17.0
5,31,0,17.0
5,32,0,17.0
5,33,0,17.0
5,34,0,17.0
5,35,0,17.0
5,36,0,17.0
5,37,0,17.0
5,38,0,17.0
5,39,0,17.0
5,40,0,17.0
5,41,0,17.0
5,42,0,17.0
5,43,0,17.0
5,44,0,17.0
5,45,0,17.0
5,46,0,17.0
5,47,0,17.0
5,48,0,17.0
5,49,0,17.0
5,50,0,17.0
5,51,0,17.0
5,52,0,17.0
5,53,0,17.0
5,54,0,17.0
5,55,0,17.0
5,56,0,17.0
5,57,0,17.0
5,58,0,17.0
5,59,0,17.0
5,60,0,17.0
5,61,0,17.0
5,62,0,17.0
5,63,0,17.0
5,64,0,17.0
5,65,0,17.0
5,66,0,17.0
5,67,0,17.0
5,68,0,17.0
5,69,0,17.0
5,70,0,17.0
5,71,0,17.0
5,72,0,17.0
5,73,0,17.0
5,74,0,17.0
5,75,0,17.0
5,76,0,17.0
5,77,0,17.0
5,78,0,17.0
5,79,0,17.0
5,80,0,17.0
5,81,0,17.0
5,82,0,17.0
5,83,0,17.0
5,84,0,17.0
5,85,0,17.0
5,86,0,17.0
5,87,0,17.0
5,88,0,17.0
5,89,0,17.0
5,90,0,17.0
5,91,0,17.0
5,92,0,17.0
5,93,0,17.0
5,94,0,17.0
5,95,0,17.0
5,96,0,17.0
5,97,0,17.0
5,98,0,17.0
5,99,0,17.0
6,0,0,17.0
6,1,0,17.0
6,2,0,17.0
6,3,0,17.0
6,4,0,17.0
6,5,0,17.0
6,6,0,17.0
6,7,0,17.0
6,8,0,17.0
6,9,0,17.0
6,10,0,17.0
6,11,0,17.0
6,12,0,17.0
6,13,0,17.0
6,14,0,17.0
6,15,0,17.0
6,16,0,17.0
6,17,0,17.0
6,18,0,17.0
6,19,0,17.0
6,20,0,17.0
6,21,0,17.0
6,22,0,17.0
6,23,0,17.0
6,24,0,17.0
6,25,0,17.0
6,26,0,17.0
6,27,0,17.0
6,28,0,17.0
6,29,0,17.0
6,30,0,17.0
6,31,0,17.0
6,32,0,17.0
6,33,0,17.0
6,34,0,17.0
6,35,0,17.0
6,36,0,17.0
6,37,0,17.0
6,38,0,17.0
6,39,0,17.0
6,40,0,17.0
6,41,0,17.0
6,42,0,17.0
6,43,0,17.0
6,44,0,17.0
6,45,0,17.0
6,46,0,17.0
6,47,0,17.0
6,48,0,17.0
6,49,0,17.0
6,50,0,17.0
6,51,0,17.0
6,52,0,17.0
6,53,0,17.0
6,54,0,17.0
6,55,0,17.0
6,56,0,17.0
6,57,0,17.0
6,58,0,17.0
6,59,0,17.0
6,60,0,17.0
6,61,0,17.0
6,62,0,17.0
6,63,0,17.0
6,64,0,17.0
6,65,0,17.0
6,66,0,17.0
6,67,0,17.0
6,68,0,17.0
6,69,0,17.0
6,70,0,17.0
6,71,0,17.0
6,72,0,17.0
6,73,0,17.0
6,74,0,17.0
6,75,0,17.0
6,76,0,17.0
6,77,0,17.0
6,78,0,17.0
6,79,0,17.0
6,80,0,17.0
6,81,0,17.0
6,82,0,17.0
6,83,0,17.0
6,84,0,17.0
6,85,0,17.0
6,86,0,17.0
6,87,0,17.0
6,88,0,17.0
6,89,0,17.0
6,90,0,17.0
6,91,0,17.0
6,92,0,17.0
6,93,0,17.0
6,94,0,17.0
6,95,0,17.0
6,96,0,17.0
6,97,0,17.0
6,98,0,17.0
6,99,0,17.0
7,0,0,17.0
7,1,0,17.0
7,2,0,17.0
7,3,0,17.0
7,4,0,17.0
7,5,0,17.0
7,6,0,17.0
7,7,0,17.0
7,8,0,17.0
7,9,0,17.0
7,10,0,17.0
7,11,0,17.0
7,12,0,17.0
7,13,0,17.0
7,14,0,17.0
7,15,0,17.0
7,16,0,17.0
7,17,0,17.0
7,18,0,17.0
7,19,0,17.0
7,20,0,17.0
7,21,0,17.0
7,22,0,17.0
7,23,0,17.0
7,24,0,17.0
7,25,0,17.0
7,26,0,17.0
7,27,0,17.0
7,28,0,17.0
7,29,0,17.0
7,30,0,17.0
7,31,0,17.0
7,32,0,17.0
7,33,0,17.0
7,34,0,17.0
7,35,0,17.0
7,36,0,17.0
7,37,0,17.0
7,38,0,17.0
7,39,0,17.0
7,40,0,17.0
7,41,0,17.0
7,42,0,17.0
7,43,0,17.0
7,44,0,17.0
7,45,0,17.0
7,46,0,17.0
7,47,0,17.0
7,48,0,17.0
7,49,0,17.0
7,50,0,17.0
7,51,0,17.0
7,52,0,17.0
7,53,0,17.0
7,54,0,17.0
7,55,0,17.0
7,56,0,17.0
7,57,0,17.0
7,58,0,17.0
7,59,0,17.0
7,60,0,17.0
7,61,0,17.0
7,62,0,17.0
7,63,0,17.0
7,64,0,17.0
7,65,0,17.0
7,66,0,17.0
7,67,0,17.0
7,68,0,17.0
7,69,0,17.0
7,70,0,17.0
7,71,0,17.0
7,72,0,17.0
7,73,0,17.0
7,74,0,17.0
7,75,0,17.0
7,76,0,17.0
7,77,0,17.0
7,78,0,17.0
7,79,0,17.0
7,80,0,17.0
7,81,0,17.0
7,82,0,17.0
7,83,0,17.0
7,84,0,17.0
7,85,0,17.0
7,86,0,17.0
7,87,0,17.0
7,88,0,17.0
7,89,0,17.0
7,90,0,17.0
7,91,0,17.0
7,92,0,17.0
7,93,0,17.0
7,94,0,17.0
7,95,0,17.0
7,96,0,17.0
7,97,0,17.0
7,98,0,17.0
7,99,0,17.0
8,0,0,17.0
8,1,0,17.0
8,2,0,17.0
8,3,0,17.0
8,4,0,17.0
8,5,0,17.0
8,6,0,17.0
8,7,0,17.0
8,8,0,17.0
8,9,0,17.0
8,10,0,17.0
8,11,0,17.0
8,12,0,17.0
8,13,0,17.0
8,14,0,17.0
8,15,0,17.0
8,16,0,17.0
8,17,0,17.0
8,18,0,17.0
8,19,0,17.0
8,20,0,17.0
8,21,0,17.0
8,22,0,17.0
8,23,0,17.0
8,24,0,17.0
8,25,0,17.0
8,26,0,17.0
8,27,0,17.0
8,28,0,17.0
8,29,0,17.0
8,30,0,17.0
8,31,0,17.0
8,32,0,17.0
8,33,0,17.0
8,34,0,17.0
8,35,0,17.0
8,36,0,17.0
8,37,0,17.0
8,38,0,17.0
8,39,0,17.0
8,40,0,17.0
8,41,0,17.0
8,42,0,17.0
8,43,0,17.0
8,44,0,17.0
8,45,0,17.0
8,46,0,17.0
8,47,0,17.0
8,48,0,17.0
8,49,0,17.0
8,50,0,17.0
8,51,0,17.0
8,52,0,17.0
8,53,0,17.0
8,54,0,17.0
8,55,0,17.0
8,56,0,17.0
8,57,0,17.0
8,58,0,17.0
8,59,0,17.0
8,60,0,17.0
8,61,0,17.0
8,62,0,17.0
8,63,0,17.0
8,64,0,17.0
8,65,0,17.0
8,66,0,17.0
8,67,0,17.0
8,68,0,17.0
8,69,0,17.0
8,70,0,17.0
8,71,0,17.0
8,72,0,17.0
8,73,0,17.0
8,74,0,17.0
8,75,0,17.0
8,76,0,17.0
8,77,0,17.0
8,78,0,17.0
8,79,0,17.0
8,80,0,17.0
8,81,0,17.0
8,82,0,17.0
8,83,0,17.0
8,84,0,17.0
8,85,0,17.0
8,86,0,17.0
8,87,0,17.0
8,88,0,17.0
8,89,0,17.0
8,90,0,17.0
8,91,0,17.0
8,92,0,17.0
8,93,0,17.0
8,94,0,17.0
8,95,0,17.0
8,96,0,17.0
8,97,0,17.0
8,98,0,17.0
8,99,0,17.0
9,0,0,17.0
9,1,0,17.0
9,2,0,17.0
9,3,0,17.0
9,4,0,17.0
9,5,0,17.0
9,6,0,17.0
9,7,0,17.0
9,8,0,17.0
9,9,0,17.0
9,10,0,17.0
9,11,0,17.0
9,12,0,17.0
9,13,0,17.0
9,14,0,17.0
9,15,0,17.0
9,16,0,17.0
9,17,0,17.0
9,18,0,17.0
9,19,0,17.0
9,20,0,17.0
9,21,0,17.0
9,22,0,17.0
9,23,0,17.0
9,24,0,17.0
9,25,0,17.0
9,26,0,17.0
9,27,0,17.0
9,28,0,17.0
9,29,0,17.0
9,30,0,17.0
9,31,0,17.0
9,32,0,17.0
9,33,0,17.0
9,34,0,17.0
9,35,0,17.0
9,36,0,17.0
9,37,0,17.0
9,38,0,17.0
9,39,0,17.0
9,40,0,17.0
9,41,0,17.0
9,42,0,17.0
9,43,0,17.0
9,44,0,17.0
9,45,0,17.0
9,46,0,17.0
9,47,0,17.0
9,48,0,17.0
9,49,0,17.0
9,50,0,17.0
9,51,0,17.0
9,52,0,17.0
9,53,0,17.0
9,54,0,17.0
9,55,0,17.0
9,56,0,17.0
9,57,0,17.0
9,58,0,17.0
9,59,0,17.0
9,60,0,17.0
9,61,0,17.0
9,62,0,17.0
9,63,0,17.0
9,64,0,17.0
9,65,0,17.0
9,66,0,17.0
9,67,0,17.0
9,68,0,17.0
9,69,0,17.0
9,70,0,17.0
9,71,0,17.0
9,72,0,17.0
9,73,0,17.0
9,74,0,17.0
9,75,0,17.0
9,76,0,17.0
9,77,0,17.0
9,78,0,17.0
9,79,0,17.0
9,80,0,17.0
9,81,0,17.0
9,82,0,17.0
9,83,0,17.0
9,84,0,17.0
9,85,0,17.0
9,86,0,17.0
9,87,0,17.0
9,88,0,17.0
9,89,0,17.0
9,90,0,17.0
9,91,0,17.0
9,92,0,17.0
9,93,0,17.0
9,94,0,17.0
9,95,0,17.0
9,96,0,17.0
9,97,0,17.0
9,98,0,17.0
9,99,0,17.0
10,0,0,17.0
10,1,0,17.0
10,2,0,17.0
10,3,0,17.0
10,4,0,17.0
10,5,0,17.0
10,6,0,17.0
10,7,0,17.0
10,8,0,17.0
10,9,0,17.0
10,10,0,17.0
10,11,0,17.0
10,12,0,17.0
10,13,0,17.0
10,14,0,17.0
10,15,0,17.0
10,16,0,17.0
10,17,0,17.0
10,18,0,17.0
10,19,0,17.0
10,20,0,17.0
10,21,0,17.0
10,22,0,17.0
10,23,0,17.0
10,24,0,17.0
10,25,0,17.0
10,26,0,17.0
10,27,0,17.0
10,28,0,17.0
10,29,0,17.0
10,30,0,17.0
10,31,0,17.0
10,32,0,17.0
10,33,0,17.0
10,34,0,17.0
10,35,0,17.0
10,36,0,17.0
10,37,0,17.0
10,38,0,17.0
10,39,0,17.0
10,40,0,17.0
10,41,0,17.0
10,42,0,17.0
10,43,0,17.0
10,44,0,17.0
10,45,0,17.0
10,46,0,17.0
10,47,0,17.0
10,48,0,17.0
10,49,0,17.0
10,50,0,17.0
10,51,0,17.0
10,52,0,17.0
10,53,0,17.0
10,54,0,17.0
10,55,0,17.0
10,56,0,17.0
10,57,0,17.0
10,58,0,17.0
10,59,0,17.0
10,60,0,17.0
10,61,0,17.0
10,62,0,17.0
10,63,0,17.0
10,64,0,17.0
10,65,0,17.0
10,66,0,17.0
10,67,0,17.0
10,68,0,17.0
10,69,0,17.0
10,70,0,17.0
10,71,0,17.0
10,72,0,17.0
10,73,0,17.0
10,74,0,17.0
10,75,0,17.0
10,76,0,17.0
10,77,0,17.0
10,78,0,17.0
10,79,0,17.0
10,80,0,17.0
10,81,0,17.0
10,82,0,17.0
10,83,0,17.0
10,84,0,17.0
10,85,0,17.0
10,86,0,17.0
10,87,0,17.0
10,88,0,17.0
10,89,0,17.0
10,90,0,17.0
10,91,0,17.0
10,92,0,17.0
10,93,0,17.0
10,94,0,17.0
10,95,0,17.0
10,96,0,17.0
10,97,0,17.0
10,98,0,17.0
10,99,0,17.0
11,0,1,0.0
11,1,0,17.0
11,2,0,17.0
11,3,0,17.0
11,4,0,17.0
11,5,0,17.0
11,6,0,17.0
11,7,0,17.0
11,8,0,17.0
11,9,0,17.0
11,10,0,17.0
11,11,0,17.0
11,12,0,17.0
11,13,0,17.0
11,14,0,17.0
11,15,0,17.0
11,16,0,17.0
11,17,0,17.0
11,18,0,17.0
11,19,0,17.0
11,20,0,17.0
11,21,0,17.0
11,22,0,17.0
11,23,0,17.0
11,24,0,17.0
11,25,0,17.0
11,26,0,17.0
11,27,0,17.0
11,28,0,17.0
11,29,0,17.0
11,30,0,17.0
11,31,0,17.0
11,32,0,17.0
11,33,0,17.0
11,34,0,17.0
11,35,0,17.0
11,36,0,17.0
11,37,0,17.0
11,38,0,17.0
11,39,0,17.0
11,40,0,17.0
11,41,0,17.0
11,42,0,17.0
11,43,0,17.0
11,44,0,17.0
11,45,0,17.0
11,46,0,17.0
11,47,0,17.0
11,48,0,17.0
11,49,0,17.0
11,50,0,17.0
11,51,0,17.0
11,52,0,17.0
11,53,0,17.0
11,54,0,17.0
11,55,0,17.0
11,56,0,17.0
11,57,0,17.0
11,58,0,17.0
11,59,0,17.0
11,60,0,17.0
11,61,0,17.0
11,62,0,17.0
11,63,0,17.0
11,64,0,17.0
11,65,0,17.0
11,66,0,17.0
11,67,0,17.0
11,68,0,17.0
11,69,0,17.0
11,70,0,17.0
11,71,0,17.0
11,72,0,17.0
11,73,0,17.0
11,74,0,17.0
11,75,0,17.0
11,76,0,17.0
11,77,0,17.0
11,78,0,17.0
11,79,0,17.0
11,80,0,17.0
11,81,0,17.0
11,82,0,17.0
11,83,0,17.0
11,84,0,17.0
11,85,0,17.0
11,86,0,17.0
11,87,0,17.0
11,88,0,17.0
11,89,0,17.0
11,90,0,17.0
11,91,0,17.0
11,92,0,17.0
11,93,0,17.0
11,94,0,17.0
11,95,0,17.0
11,96,0,17.0
11,97,0,17.0
11,98,0,17.0
11,99,0,17.0
12,0,1,0.0
12,1,1,5.0
12,2,1,5.0
12,3,1,0.0
12,4,1,5.0
12,5,1,0.0
12,6,0,17.0
12,7,0,17.0
12,8,0,17.0
12,9,0,17.0
12,10,0,17.0
12,11,0,17.0
12,12,0,17.0
12,13,0,17.0
12,14,0,17.0
12,15,0,17.0
12,16,0,17.0
12,17,0,17.0
12,18,0,17.0
12,19,0,17.0
12,20,0,17.0
12,21,0,17.0
12,22,0,17.0
12,23,0,17.0
12,24,0,17.0
12,25,0,17.0
12,26,0,17.0
12,27,0,17.0
12,28,0,17.0
12,29,0,17.0
12,30,0,17.0
12,31,0,17.0
12,32,0,17.0
12,33,0,17.0
12,34,0,17.0
12,35,0,17.0
12,36,0,17.0
12,37,0,17.0
12,38,0,17.0
12,39,0,17.0
12,40,0,17.0
12,41,0,17.0
12,42,0,17.0
12,43,0,17.0
12,44,0,17.0
12,45,0,17.0
12,46,0,17.0
12,47,0,17.0
12,48,0,17.0
12,49,0,17.0
12,50,0,17.0
12,51,0,17.0
12,52,0,17.0
12,53,0,17.0
12,54,0,17.0
12,55,0,17.0
12,56,0,17.0
12,57,0,17.0
12,58,0,17.0
12,59,0,17.0
12,60,0,17.0
12,61,0,17.0
12,62,0,17.0
12,63,0,17.0
12,64,0,17.0
12,65,0,17.0
12,66,0,17.0
12,67,0,17.0
12,68,0,17.0
12,69,0,17.0
12,70,0,17.0
12,71,0,17.0
12,72,0,17.0
12,73,0,17.0
12,74,0,17.0
12,75,0,17.0
12,76,0,17.0
12,77,0,17.0
12,78,0,17.0
12,79,0,17.0
12,80,0,17.0
12,81,0,17.0
12,82,0,17.0
12,83,0,17.0
12,84,0,17.0
12,85,0,17.0
12,86,0,17.0
12,87,0,17.0
12,88,0,17.0
12,89,0,17.0
12,90,0,17.0
12,91,0,17.0
12,92,0,17.0
12,93,0,17.0
12,94,0,17.0
12,95,0,17.0
12,96,0,17.0
12,97,0,17.0
12,98,0,17.0
12,99,0,17.0
13,0,1,0.0
13,1,1,0.0
13,2,0,17.0
13,3,0,17.0
13,4,0,17.0
13,5,0,17.0
13,6,0,17.0
13,7,0,17.0
13,8,0,17.0
13,9,0,17.0
13,10,0,17.0
13,11,0,17.0
13,12,0,17.0
13,13,0,17.0
13,14,0,17.0
13,15,0,17.0
13,16,0,17.0
13,17,0,17.0
13,18,0,17.0
13,19,0,17.0
13,20,0,17.0
13,21,0,17.0
13,22,0,17.0
13,23,0,17.0
13,24,0,17.0
13,25,0,17.0
13,26,0,17.0
13,27,0,17.0
13,28,0,17.0
13,29,0,17.0
13,30,0,17.0
13,31,0,17.0
13,32,0,17.0
13,33,0,17.0
13,34,0,17.0
13,35,0,17.0
13,36,0,17.0
13,37,0,17.0
13,38,0,17.0
13,39,0,17.0
13,40,0,17.0
13,41,0,17.0
13,42,0,17.0
13,43,0,17.0
13,44,0,17.0
13,45,0,17.0
13,46,0,17.0
13,47,0,17.0
13,48,0,17.0
13,49,0,17.0
13,50,0,17.0
13,51,0,17.0
13,52,0,17.0
13,53,0,17.0
13,54,0,17.0
13,55,0,17.0
13,56,0,17.0
13,57,0,17.0
13,58,0,17.0
13,59,0,17.0
13,60,0,17.0
13,61,0,17.0
13,62,0,17.0
13,63,0,17.0
13,64,0,17.0
13,65,0,17.0
13,66,0,17.0
13,67,0,17.0
13,68,0,17.0
13,69,0,17.0
13,70,0,17.0
13,71,0,17.0
13,72,0,17.0
13,73,0,17.0
13,74,0,17.0
13,75,0,17.0
13,76,0,17.0
13,77,0,17.0
13,78,0,17.0
13,79,0,17.0
13,80,0,17.0
13,81,0,17.0
13,82,0,17.0
13,83,0,17.0
13,84,0,17.0
13,85,0,17.0
13,86,0,17.0
13,87,0,17.0
13,88,0,17.0
13,89,0,17.0
13,90,0,17.0
13,91,0,17.0
13,92,0,17.0
13,93,0,17.0
13,94,0,17.0
13,95,0,17.0
13,96,0,17.0
13,97,0,17.0
13,98,0,17.0
13,99,0,17.0
14,0,1,0.0
14,1,1,0.0
14,2,1,5.0
14,3,1,0.0
14,4,1,0.0
14,5,1,0.0
14,6,0,17.0
14,7,0,17.0
14,8,0,17.0
14,9,0,17.0
14,10,0,17.0
14,11,0,17.0
14,12,0,17.0
14,13,0,17.0
14,14,0,17.0
14,15,0,17.0
14,16,0,17.0
14,17,0,17.0
14,18,0,17.0
14,19,0,17.0
14,20,0,17.0
14,21,0,17.0
14,22,0,17.0
14,23,0,17.0
14,24,0,17.0
14,25,0,17.0
14,26,0,17.0
14,27,0,17.0
14,28,0,17.0
14,29,0,17.0
14,30,0,17.0
14,31,0,17.0
14,32,0,17.0
14,33,0,17.0
14,34,0,17.0
14,35,0,17.0
14,36,0,17.0
14,37,0,17.0
14,38,0,17.0
14,39,0,17.0
14,40,0,17.0
14,41,0,17.0
14,42,0,17.0
14,43,0,17.0
14,44,0,17.0
14,45,0,17.0
14,46,0,17.0
14,47,0,17.0
14,48,0,17.0
14,49,0,17.0
14,50,0,17.0
14,51,0,17.0
14,52,0,17.0
14,53,0,17.0
14,54,0,17.0
14,55,0,17.0
14,56,0,17.0
14,57,0,17.0
14,58,0,17.0
14,59,0,17.0
14,60,0,17.0
14,61,0,17.0
14,62,0,17.0
14,63,0,17.0
14,64,0,17.0
14,65,0,17.0
14,66,0,17.0
14,67,0,17.0
14,68,0,17.0
14,69,0,17.0
14,70,0,17.0
14,71,0,17.0
14,72,0,17.0
14,73,0,17.0
14,74,0,17.0
14,75,0,17.0
14,76,0,17.0
14,77,0,17.0
14,78,0,17.0
14,79,0,17.0
14,80,0,17.0
14,81,0,17.0
14,82,0,17.0
14,83,0,17.0
14,84,0,17.0
14,85,0,17.0
14,86,0,17.0
14,87,0,17.0
14,88,0,17.0
14,89,0,17.0
14,90,0,17.0
14,91,0,17.0
14,92,0,17.0
14,93,0,17.0
14,94,0,17.0
14,95,0,17.0
14,96,0,17.0
14,97,0,17.0
14,98,0,17.0
14,99,0,17.0
15,0,0,17.0
15,1,0,17.0
15,2,0,17.0
15,3,0,17.0
15,4,0,17.0
15,5,0,17.0
15,6,0,17.0
15,7,0,17.0
15,8,0,17.0
15,9,0,17.0
15,10,0,17.0
15,11,0,17.0
15,12,0,17.0
15,13,0,17.0
15,14,0,17.0
15,15,0,17.0
15,16,0,17.0
15,17,0,17.0
15,18,0,17.0
15,19,0,17.0
15,20,0,17.0
15,21,0,17.0
15,22,0,17.0
15,23,0,17.0
15,24,0,17.0
15,25,0,17.0
15,26,0,17.0
15,27,0,17.0
15,28,0,17.0
15,29,0,17.0
15,30,0,17.0
15,31,0,17.0
15,32,0,17.0
15,33,0,17.0
15,34,0,17.0
15,35,0,17.0
15,36,0,17.0
15,37,0,17.0
15,38,0,17.0
15,39,0,17.0
15,40,0,17.0
15,41,0,17.0
15,42,0,17.0
15,43,0,17.0
15,44,0,17.0
15,45,0,17.0
15,46,0,17.0
15,47,0,17.0
15,48,0,17.0
15,49,0,17.0
15,50,0,17.0
15,51,0,17.0
15,52,0,17.0
15,53,0,17.0
15,54,0,17.0
15,55,0,17.0
15,56,0,17.0
15,57,0,17.0
15,58,0,17.0
15,59,0,17.0
15,60,0,17.0
15,61,0,17.0
15,62,0,17.0
15,63,0,17.0
15,64,0,17.0
15,65,0,17.0
15,66,0,17.0
15,67,0,17.0
15,68,0,17.0
15,69,0,17.0
15,70,0,17.0
15,71,0,17.0
15,72,0,17.0
15,73,0,17.0
15,74,0,17.0
15,75,0,17.0
15,76,0,17.0
15,77,0,17.0
15,78,0,17.0
15,79,0,17.0
15,80,0,17.0
15,81,0,17.0
15,82,0,17.0
15,83,0,17.0
15,84,0,17.0
15,85,0,17.0
15,86,0,17.0
15,87,0,17.0
15,88,0,17.0
15,89,0,17.0
15,90,0,17.0
15,91,0,17.0
15,92,0,17.0
15,93,0,17.0
15,94,0,17.0
15,95,0,17.0
15,96,0,17.0
15,97,0,17.0
15,98,0,17.0
15,99,0,17.0
16,0,0,17.0
16,1,0,17.0
16,2,0,17.0
16,3,0,17.0
16,4,0,17.0
16,5,0,17.0
16,6,0,17.0
16,7,0,17.0
16,8,0,17.0
16,9,0,17.0
16,10,0,17.0
16,11,0,17.0
16,12,0,17.0
16,13,0,17.0
16,14,0,17.0
16,15,0,17.0
16,16,0,17.0
16,17,0,17.0
16,18,0,17.0
16,19,0,17.0
16,20,0,17.0
16,21,0,17.0
16,22,0,17.0
16,23,0,17.0
16,24,0,17.0
16,25,0,17.0
16,26,0,17.0
16,27,0,17.0
16,28,0,17.0
16,29,0,17.0
16,30,0,17.0
16,31,0,17.0
16,32,0,17.0
16,33,0,17.0
16,34,0,17.0
16,35,0,17.0
16,36,0,17.0
16,37,0,17.0
16,38,0,17.0
16,39,0,17.0
16,40,0,17.0
16,41,0,17.0
16,42,0,17.0
16,43,0,17.0
16,44,0,17.0
16,45,0,17.0
16,46,0,17.0
16,47,0,17.0
16,48,0,17.0
16,49,0,17.0
16,50,0,17.0
16,51,0,17.0
16,52,0,17.0
16,53,0,17.0
16,54,0,17.0
16,55,0,17.0
16,56,0,17.0
16,57,0,17.0
16,58,0,17.0
16,59,0,17.0
16,60,0,17.0
16,61,0,17.0
16,62,0,17.0
16,63,0,17.0
16,64,0,17.0
16,65,0,17.0
16,66,0,17.0
16,67,0,17.0
16,68,0,17.0
16,69,0,17.0
16,70,0,17.0
16,71,0,17.0
16,72,0,17.0
16,73,0,17.0
16,74,0,17.0
16,75,0,17.0
16,76,0,17.0
16,77,0,17.0
16,78,0,17.0
16,79,0,17.0
16,80,0,17.0
16,81,0,17.0
16,82,0,17.0
16,83,0,17.0
16,84,0,17.0
16,85,0,17.0
16,86,0,17.0
16,87,0,17.0
16,88,0,17.0
16,89,0,17.0
16,90,0,17.0
16,91,0,17.0
16,92,0,17.0
16,93,0,17.0
16,94,0,17.0
16,95,0,17.0
16,96,0,17.0
16,97,0,17.0
16,98,0,17.0
16,99,0,17.0
17,0,0,17.0
17,1,0,17.0
17,2,0,17.0
17,3,0,17.0
17,4,0,17.0
17,5,0,17.0
17,6,0,17.0
17,7,0,17.0
17,8,0,17.0
17,9,0,17.0
17,10,0,17.0
17,11,0,17.0
17,12,0,17.0
17,13,0,17.0
17,14,0,17.0
17,15,0,17.0
17,16,0,17.0
17,17,0,17.0
17,18,0,17.0
17,19,0,17.0
17,20,0,17.0
17,21,0,17.0
17,22,0,17.0
17,23,0,17.0
17,24,0,17.0
17,25,0,17.0
17,26,0,17.0
17,27,0,17.0
17,28,0,17.0
17,29,0,17.0
17,30,0,17.0
17,31,0,17.0
17,32,0,17.0
17,33,0,17.0
17,34,0,17.0
17,35,0,17.0
17,36,0,17.0
17,37,0,17.0
17,38,0,17.0
17,39,0,17.0
17,40,0,17.0
17,41,0,17.0
17,42,0,17.0
17,43,0,17.0
17,44,0,17.0
17,45,0,17.0
17,46,0,17.0
17,47,0,17.0
17,48,0,17.0
17,49,0,17.0
17,50,0,17.0
17,51,0,17.0
17,52,0,17.0
17,53,0,17.0
17,54,0,17.0
17,55,0,17.0
17,56,0,17.0
17,57,0,17.0
17,58,0,17.0
17,59,0,17.0
17,60,0,17.0
17,61,0,17.0
17,62,0,17.0
17,63,0,17.0
17,64,0,17.0
17,65,0,17.0
17,66,0,17.0
17,67,0,17.0
17,68,0,17.0
17,69,0,17.0
17,70,0,17.0
17,71,0,17.0
17,72,0,17.0
17,73,0,17.0
17,74,0,17.0
17,75,0,17.0
17,76,0,17.0
17,77,0,17.0
17,78,0,17.0
17,79,0,17.0
17,80,0,17.0
17,81,0,17.0
17,82,0,17.0
17,83,0,17.0
17,84,0,17.0
17,85,0,17.0
17,86,0,17.0
17,87,0,17.0
17,88,0,17.0
17,89,0,17.0
17,90,0,17.0
17,91,0,17.0
17,92,0,17.0
17,93,0,17.0
17,94,0,17.0
17,95,0,17.0
17,96,0,17.0
17,97,0,17.0
17,98,0,17.0
17,99,0,17.0
18,0,1,0.0
18,1,0,17.0
18,2,0,17.0
18,3,0,17.0
18,4,0,17.0
18,5,0,17.0
18,6,0,17.0
18,7,0,17.0
18,8,0,17.0
18,9,0,17.0
18,10,0,17.0
18,11,0,17.0
18,12,0,17.0
18,13,0,17.0
18,14,0,17.0
18,15,0,17.0
18,16,0,17.0
18,17,0,17.0
18,18,0,17.0
18,19,0,17.0
18,20,0,17.0
18,21,0,17.0
18,22,0,17.0
18,23,0,17.0
18,24,0,17.0
18,25,0,17.0
18,26,0,17.0
18,27,0,17.0
18,28,0,17.0
18,29,0,17.0
18,30,0,17.0
18,31,0,17.0
18,32,0,17.0
18,33,0,17.0
18,34,0,17.0
18,35,0,17.0
18,36,0,17.0
18,37,0,17.0
18,38,0,17.0
18,39,0,17.0
18,40,0,17.0
18,41,0,17.0
18,42,0,17.0
18,43,0,17.0
18,44,0,17.0
18,45,0,17.0
18,46,0,17.0
18,47,0,17.0
18,48,0,17.0
18,49,0,17.0
18,50,0,17.0
18,51,0,17.0
18,52,0,17.0
18,53,0,17.0
18,54,0,17.0
18,55,0,17.0
18,56,0,17.0
18,57,0,17.0
18,58,0,17.0
18,59,0,17.0
18,60,0,17.0
18,61,0,17.0
18,62,0,17.0
18,63,0,17.0
18,64,0,17.0
18,65,0,17.0
18,66,0,17.0
18,67,0,17.0
18,68,0,17.0
18,69,0,17.0
18,70,0,17.0
18,71,0,17.0
18,72,0,17.0
18,73,0,17.0
18,74,0,17.0
18,75,0,17.0
18,76,0,17.0
18,77,0,17.0
18,78,0,17.0
18,79,0,17.0
18,80,0,17.0
18,81,0,17.0
18,82,0,17.0
18,83,0,17.0
18,84,0,17.0
18,85,0,17.0
18,86,0,17.0
18,87,0,17.0
18,88,0,17.0
18,89,0,17.0
18,90,0,17.0
18,91,0,17.0
18,92,0,17.0
18,93,0,17.0
18,94,0,17.0
18,95,0,17.0
18,96,0,17.0
18,97,0,17.0
18,98,0,17.0
18,99,0,17.0
19,0,0,17.0
19,1,0,17.0
19,2,0,17.0
19,3,0,17.0
19,4,0,17.0
19,5,0,17.0
19,6,0,17.0
19,7,0,17.0
19,8,0,17.0
19,9,0,17.0
19,10,0,17.0
19,11,0,17.0
19,12,0,17.0
19,13,0,17.0
19,14,0,17.0
19,15,0,17.0
19,16,0,17.0
19,17,0,17.0
19,18,0,17.0
19,19,0,17.0
19,20,0,17.0
19,21,0,17.0
19,22,0,17.0
19,23,0,17.0
19,24,0,17.0
19,25,0,17.0
19,26,0,17.0
19,27,0,17.0
19,28,0,17.0
19,29,0,17.0
19,30,0,17.0
19,31,0,17.0
19,32,0,17.0
19,33,0,17.0
19,34,0,17.0
19,35,0,17.0
19,36,0,17.0
19,37,0,17.0
19,38,0,17.0
19,39,0,17.0
19,40,0,17.0
19,41,0,17.0
19,42,0,17.0
19,43,0,17.0
19,44,0,17.0
19,45,0,17.0
19,46,0,17.0
19,47,0,17.0
19,48,0,17.0
19,49,0,17.0
19,50,0,17.0
19,51,0,17.0
19,52,0,17.0
19,53,0,17.0
19,54,0,17.0
19,55,0,17.0
19,56,0,17.0
19,57,0,17.0
19,58,0,17.0
19,59,0,17.0
19,60,0,17.0
19,61,0,17.0
19,62,0,17.0
19,63,0,17.0
19,64,0,17.0
19,65,0,17.0
19,66,0,17.0
19,67,0,17.0
19,68,0,17.0
19,69,0,17.0
19,70,0,17.0
19,71,0,17.0
19,72,0,17.0
19,73,0,17.0
19,74,0,17.0
19,75,0,17.0
19,76,0,17.0
19,77,0,17.0
19,78,0,17.0
19,79,0,17.0
19,80,0,17.0
19,81,0,17.0
19,82,0,17.0
19,83,0,17.0
19,84,0,17.0
19,85,0,17.0
19,86,0,17.0
19,87,0,17.0
19,88,0,17.0
19,89,0,17.0
19,90,0,17.0
19,91,0,17.0
19,92,0,17.0
19,93,0,17.0
19,94,0,17.0
19,95,0,17.0
19,96,0,17.0
19,97,0,17.0
19,98,0,17.0
19,99,0,17.0
20,0,0,17.0
20,1,0,17.0
20,2,0,17.0
20,3,0,17.0
20,4,0,17.0
20,5,0,17.0
20,6,0,17.0
20,7,0,17.0
20,8,0,17.0
20,9,0,17.0
20,10,0,17.0
20,11,0,17.0
20,12,0,17.0
20,13,0,17.0
20,14,0,17.0
20,15,0,17.0
20,16,0,17.0
20,17,0,17.0
20,18,0,17.0
20,19,0,17.0
20,20,0,17.0
20,21,0,17.0
20,22,0,17.0
20,23,0,17.0
20,24,0,17.0
20,25,0,17.0
20,26,0,17.0
20,27,0,17.0
20,28,0,17.0
20,29,0,17.0
20,30,0,17.0
20,31,0,17.0
20,32,0,17.0
20,33,0,17.0
20,34,0,17.0
20,35,0,17.0
20,36,0,17.0
20,37,0,17.0
20,38,0,17.0
20,39,0,17.0
20,40,0,17.0
20,41,0,17.0
20,42,0,17.0
20,43,0,17.0
20,44,0,17.0
20,45,0,17.0
20,46,0,17.0
20,47,0,17.0
20,48,0,17.0
20,49,0,17.0
20,50,0,17.0
20,51,0,17.0
20,52,0,17.0
20,53,0,17.0
20,54,0,17.0
20,55,0,17.0
20,56,0,17.0
20,57,0,17.0
20,58,0,17.0
20,59,0,17.0
20,60,0,17.0
20,61,0,17.0
20,62,0,17.0
20,63,0,17.0
20,64,0,17.0
20,65,0,17.0
20,66,0,17.0
20,67,0,17.0
20,68,0,17.0
20,69,0,17.0
20,70,0,17.0
20,71,0,17.0
20,72,0,17.0
20,73,0,17.0
20,74,0,17.0
20,75,0,17.0
20,76,0,17.0
20,77,0,17.0
20,78,0,17.0
20,79,0,17.0
20,80,0,17.0
20,81,0,17.0
20,82,0,17.0
20,83,0,17.0
20,84,0,17.0
20,85,0,17.0
20,86,0,17.0
20,87,0,17.0
20,88,0,17.0
20,89,0,17.0
20,90,0,17.0
20,91,0,17.0
20,92,0,17.0
20,93,0,17.0
20,94,0,17.0
20,95,0,17.0
20,96,0,17.0
20,97,0,17.0
20,98,0,17.0
20,99,0,17.0
21,0,0,17.0
21,1,0,17.0
21,2,0,17.0
21,3,0,17.0
21,4,0,17.0
21,5,0,17.0
21,6,0,17.0
21,7,0,17.0
21,8,0,17.0
21,9,0,17.0
21,10,0,17.0
21,11,0,17.0
21,12,0,17.0
21,13,0,17.0
21,14,0,17.0
21,15,0,17.0
21,16,0,17.0
21,17,0,17.0
21,18,0,17.0
21,19,0,17.0
21,20,0,17.0
21,21,0,17.0
21,22,0,17.0
21,23,0,17.0
21,24,0,17.0
21,25,0,17.0
21,26,0,17.0
21,27,0,17.0
21,28,0,17.0
21,29,0,17.0
21,30,0,17.0
21,31,0,17.0
21,32,0,17.0
21,33,0,17.0
21,34,0,17.0
21,35,0,17.0
21,36,0,17.0
21,37,0,17.0
21,38,0,17.0
21,39,0,17.0
21,40,0,17.0
21,41,0,17.0
21,42,0,17.0
21,43,0,17.0
21,44,0,17.0
21,45,0,17.0
21,46,0,17.0
21,47,0,17.0
21,48,0,17.0
21,49,0,17.0
21,50,0,17.0
21,51,0,17.0
21,52,0,17.0
21,53,0,17.0
21,54,0,17.0
21,55,0,17.0
21,56,0,17.0
21,57,0,17.0
21,58,0,17.0
21,59,0,17.0
21,60,0,17.0
21,61,0,17.0
21,62,0,17.0
21,63,0,17.0
21,64,0,17.0
21,65,0,17.0
21,66,0,17.0
21,67,0,17.0
21,68,0,17.0
21,69,0,17.0
21,70,0,17.0
21,71,0,17.0
21,72,0,17.0
21,73,0,17.0
21,74,0,17.0
21,75,0,17.0
21,76,0,17.0
21,77,0,17.0
21,78,0,17.0
21,79,0,17.0
21,80,0,17.0
21,81,0,17.0
21,82,0,17.0
21,83,0,17.0
21,84,0,17.0
21,85,0,17.0
21,86,0,17.0
21,87,0,17.0
21,88,0,17.0
21,89,0,17.0
21,90,0,17.0
21,91,0,17.0
21,92,0,17.0
21,93,0,17.0
21,94,0,17.0
21,95,0,17.0
21,96,0,17.0
21,97,0,17.0
21,98,0,17.0
21,99,0,17.0
22,0,1,0.0
22,1,1,0.0
22,2,1,5.0
22,3,1,5.0
22,4,1,0.0
22,5,1,0.0
22,6,0,17.0
22,7,0,17.0
22,8,0,17.0
22,9,0,17.0
22,10,0,17.0
22,11,0,17.0
22,12,0,17.0
22,13,0,17.0
22,14,0,17.0
22,15,0,17.0
22,16,0,17.0
22,17,0,17.0
22,18,0,17.0
22,19,0,17.0
22,20,0,17.0
22,21,0,17.0
22,22,0,17.0
22,23,0,17.0
22,24,0,17.0
22,25,0,17.0
22,26,0,17.0
22,27,0,17.0
22,28,0,17.0
22,29,0,17.0
22,30,0,17.0
22,31,0,17.0
22,32,0,17.0
22,33,0,17.0
22,34,0,17.0
22,35,0,17.0
22,36,0,17.0
22,37,0,17.0
22,38,0,17.0
22,39,0,17.0
22,40,0,17.0
22,41,0,17.0
22,42,0,17.0
22,43,0,17.0
22,44,0,17.0
22,45,0,17.0
22,46,0,17.0
22,47,0,17.0
22,48,0,17.0
22,49,0,17.0
22,50,0,17.0
22,51,0,17.0
22,52,0,17.0
22,53,0,17.0
22,54,0,17.0
22,55,0,17.0
22,56,0,17.0
22,57,0,17.0
22,58,0,17.0
22,59,0,17.0
22,60,0,17.0
22,61,0,17.0
22,62,0,17.0
22,63,0,17.0
22,64,0,17.0
22,65,0,17.0
22,66,0,17.0
22,67,0,17.0
22,68,0,17.0
22,69,0,17.0
22,70,0,17.0
22,71,0,17.0
22,72,0,17.0
22,73,0,17.0
22,74,0,17.0
22,75,0,17.0
22,76,0,17.0
22,77,0,17.0
22,78,0,17.0
22,79,0,17.0
22,80,0,17.0
22,81,0,17.0
22,82,0,17.0
22,83,0,17.0
22,84,0,17.0
22,85,0,17.0
22,86,0,17.0
22,87,0,17.0
22,88,0,17.0
22,89,0,17.0
22,90,0,17.0
22,91,0,17.0
22,92,0,17.0
22,93,0,17.0
22,94,0,17.0
22,95,0,17.0
22,96,0,17.0
22,97,0,17.0
22,98,0,17.0
22,99,0,17.0
23,0,1,0.0
23,1,0,17.0
23,2,0,17.0
23,3,0,17.0
23,4,0,17.0
23,5,0,17.0
23,6,0,17.0
23,7,0,17.0
23,8,0,17.0
23,9,0,17.0
23,10,0,17.0
23,11,0,17.0
23,12,0,17.0
23,13,0,17.0
23,14,0,17.0
23,15,0,17.0
23,16,0,17.0
23,17,0,17.0
23,18,0,17.0
23,19,0,17.0
23,20,0,17.0
23,21,0,17.0
23,22,0,17.0
23,23,0,17.0
23,24,0,17.0
23,25,0,17.0
23,26,0,17.0
23,27,0,17.0
23,28,0,17.0
23,29,0,17.0
23,30,0,17.0
23,31,0,17.0
23,32,0,17.0
23,33,0,17.0
23,34,0,17.0
23,35,0,17.0
23,36,0,17.0
23,37,0,17.0
23,38,0,17.0
23,39,0,17.0
23,40,0,17.0
23,41,0,17.0
23,42,0,17.0
23,43,0,17.0
23,44,0,17.0
23,45,0,17.0
23,46,0,17.0
23,47,0,17.0
23,48,0,17.0
23,49,0,17.0
23,50,0,17.0
23,51,0,17.0
23,52,0,17.0
23,53,0,17.0
23,54,0,17.0
23,55,0,17.0
23,56,0,17.0
23,57,0,17.0
23,58,0,17.0
23,59,0,17.0
23,60,0,17.0
23,61,0,17.0
23,62,0,17.0
23,63,0,17.0
23,64,0,17.0
23,65,0,17.0
23,66,0,17.0
23,67,0,17.0
23,68,0,17.0
23,69,0,17.0
23,70,0,17.0
23,71,0,17.0
23,72,0,17.0
23,73,0,17.0
23,74,0,17.0
23,75,0,17.0
23,76,0,17.0
23,77,0,17.0
23,78,0,17.0
23,79,0,17.0
23,80,0,17.0
23,81,0,17.0
23,82,0,17.0
23,83,0,17.0
23,84,0,17.0
23,85,0,17.0
23,86,0,17.0
23,87,0,17.0
23,88,0,17.0
23,89,0,17.0
23,90,0,17.0
23,91,0,17.0
23,92,0,17.0
23,93,0,17.0
23,94,0,17.0
23,95,0,17.0
23,96,0,17.0
23,97,0,17.0
23,98,0,17.0
23,99,0,17.0
24,0,0,17.0
24,1,0,17.0
24,2,0,17.0
24,3,0,17.0
24,4,0,17.0
24,5,0,17.0
24,6,0,17.0
24,7,0,17.0
24,8,0,17.0
24,9,0,17.0
24,10,0,17.0
24,11,0,17.0
24,12,0,17.0
24,13,0,17.0
24,14,0,17.0
24,15,0,17.0
24,16,0,17.0
24,17,0,17.0
24,18,0,17.0
24,19,0,17.0
24,20,0,17.0
24,21,0,17.0
24,22,0,17.0
24,23,0,17.0
24,24,0,17.0
24,25,0,17.0
24,26,0,17.0
24,27,0,17.0
24,28,0,17.0
24,29,0,17.0
24,30,0,17.0
24,31,0,17.0
24,32,0,17.0
24,33,0,17.0
24,34,0,17.0
24,35,0,17.0
24,36,0,17.0
24,37,0,17.0
24,38,0,17.0
24,39,0,17.0
24,40,0,17.0
24,41,0,17.0
24,42,0,17.0
24,43,0,17.0
24,44,0,17.0
24,45,0,17.0
24,46,0,17.0
24,47,0,17.0
24,48,0,17.0
24,49,0,17.0
24,50,0,17.0
24,51,0,17.0
24,52,0,17.0
24,53,0,17.0
24,54,0,17.0
24,55,0,17.0
24,56,0,17.0
24,57,0,17.0
24,58,0,17.0
24,59,0,17.0
24,60,0,17.0
24,61,0,17.0
24,62,0,17.0
24,63,0,17.0
24,64,0,17.0
24,65,0,17.0
24,66,0,17.0
24,67,0,17.0
24,68,0,17.0
24,69,0,17.0
24,70,0,17.0
24,71,0,17.0
24,72,0,17.0
24,73,0,17.0
24,74,0,17.0
24,75,0,17.0
24,76,0,17.0
24,77,0,17.0
24,78,0,17.0
24,79,0,17.0
24,80,0,17.0
24,81,0,17.0
24,82,0,17.0
24,83,0,17.0
24,84,0,17.0
24,85,0,17.0
24,86,0,17.0
24,87,0,17.0
24,88,0,17.0
24,89,0,17.0
24,90,0,17.0
24,91,0,17.0
24,92,0,17.0
24,93,0,17.0
24,94,0,17.0
24,95,0,17.0
24,96,0,17.0
24,97,0,17.0
24,98,0,17.0
24,99,0,17.0
25,0,0,17.0
25,1,0,17.0
25,2,0,17.0
25,3,0,17.0
25,4,0,17.0
25,5,0,17.0
25,6,0,17.0
25,7,0,17.0
25,8,0,17.0
25,9,0,17.0
25,10,0,17.0
25,11,0,17.0
25,12,0,17.0
25,13,0,17.0
25,14,0,17.0
25,15,0,17.0
25,16,0,17.0
25,17,0,17.0
25,18,0,17.0
25,19,0,17.0
25,20,0,17.0
25,21,0,17.0
25,22,0,17.0
25,23,0,17.0
25,24,0,17.0
25,25,0,17.0
25,26,0,17.0
25,27,0,17.0
25,28,0,17.0
25,29,0,17.0
25,30,0,17.0
25,31,0,17.0
25,32,0,17.0
25,33,0,17.0
25,34,0,17.0
25,35,0,17.0
25,36,0,17.0
25,37,0,17.0
25,38,0,17.0
25,39,0,17.0
25,40,0,17.0
25,41,0,17.0
25,42,0,17.0
25,43,0,17.0
25,44,0,17.0
25,45,0,17.0
25,46,0,17.0
25,47,0,17.0
25,48,0,17.0
25,49,0,17.0
25,50,0,17.0
25,51,0,17.0
25,52,0,17.0
25,53,0,17.0
25,54,0,17.0
25,55,0,17.0
25,56,0,17.0
25,57,0,17.0
25,58,0,17.0
25,59,0,17.0
25,60,0,17.0
25,61,0,17.0
25,62,0,17.0
25,63,0,17.0
25,64,0,17.0
25,65,0,17.0
25,66,0,17.0
25,67,0,17.0
25,68,0,17.0
25,69,0,17.0
25,70,0,17.0
25,71,0,17.0
25,72,0,17.0
25,73,0,17.0
25,74,0,17.0
25,75,0,17.0
25,76,0,17.0
25,77,0,17.0
25,78,0,17.0
25,79,0,17.0
25,80,0,17.0
25,81,0,17.0
25,82,0,17.0
25,83,0,17.0
25,84,0,17.0
25,85,0,17.0
25,86,0,17.0
25,87,0,17.0
25,88,0,17.0
25,89,0,17.0
25,90,0,17.0
25,91,0,17.0
25,92,0,17.0
25,93,0,17.0
25,94,0,17.0
25,95,0,17.0
25,96,0,17.0
25,97,0,17.0
25,98,0,17.0
25,99,0,17.0
26,0,0,17.0
26,1,0,17.0
26,2,0,17.0
26,3,0,17.0
26,4,0,17.0
26,5,0,17.0
26,6,0,17.0
26,7,0,17.0
26,8,0,17.0
26,9,0,17.0
26,10,0,17.0
26,11,0,17.0
26,12,0,17.0
26,13,0,17.0
26,14,0,17.0
26,15,0,17.0
26,16,0,17.0
26,17,0,17.0
26,18,0,17.0
26,19,0,17.0
26,20,0,17.0
26,21,0,17.0
26,22,0,17.0
26,23,0,17.0
26,24,0,17.0
26,25,0,17.0
26,26,0,17.0
26,27,0,17.0
26,28,0,17.0
26,29,0,17.0
26,30,0,17.0
26,31,0,17.0
26,32,0,17.0
26,33,0,17.0
26,34,0,17.0
26,35,0,17.0
26,36,0,17.0
26,37,0,17.0
26,38,0,17.0
26,39,0,17.0
26,40,0,17.0
26,41,0,17.0
26,42,0,17.0
26,43,0,17.0
26,44,0,17.0
26,45,0,17.0
26,46,0,17.0
26,47,0,17.0
26,48,0,17.0
26,49,0,17.0
26,50,0,17.0
26,51,0,17.0
26,52,0,17.0
26,53,0,17.0
26,54,0,17.0
26,55,0,17.0
26,56,0,17.0
26,57,0,17.0
26,58,0,17.0
26,59,0,17.0
26,60,0,17.0
26,61,0,17.0
26,62,0,17.0
26,63,0,17.0
26,64,0,17.0
26,65,0,17.0
26,66,0,17.0
26,67,0,17.0
26,68,0,17.0
26,69,0,17.0
26,70,0,17.0
26,71,0,17.0
26,72,0,17.0
26,73,0,17.0
26,74,0,17.0
26,75,0,17.0
26,76,0,17.0
26,77,0,17.0
26,78,0,17.0
26,79,0,17.0
26,80,0,17.0
26,81,0,17.0
26,82,0,17.0
26,83,0,17.0
26,84,0,17.0
26,85,0,17.0
26,86,0,17.0
26,87,0,17.0
26,88,0,17.0
26,89,0,17.0
26,90,0,17.0
26,91,0,17.0
26,92,0,17.0
26,93,0,17.0
26,94,0,17.0
26,95,0,17.0
26,96,0,17.0
26,97,0,17.0
26,98,0,17.0
26,99,0,17.0
27,0,1,0.0
27,1,0,17.0
27,2,0,17.0
27,3,0,17.0
27,4,0,17.0
27,5,0,17.0
27,6,0,17.0
27,7,0,17.0
27,8,0,17.0
27,9,0,17.0
27,10,0,17.0
27,11,0,17.0
27,12,0,17.0
27,13,0,17.0
27,14,0,17.0
27,15,0,17.0
27,16,0,17.0
27,17,0,17.0
27,18,0,17.0
27,19,0,17.0
27,20,0,17.0
27,21,0,17.0
27,22,0,17.0
27,23,0,17.0
27,24,0,17.0
27,25,0,17.0
27,26,0,17.0
27,27,0,17.0
27,28,0,17.0
27,29,0,17.0
27,30,0,17.0
27,31,0,17.0
27,32,0,17.0
27,33,0,17.0
27,34,0,17.0
27,35,0,17.0
27,36,0,17.0
27,37,0,17.0
27,38,0,17.0
27,39,0,17.0
27,40,0,17.0
27,41,0,17.0
27,42,0,17.0
27,43,0,17.0
27,44,0,17.0
27,45,0,17.0
27,46,0,17.0
27,47,0,17.0
27,48,0,17.0
27,49,0,17.0
27,50,0,17.0
27,51,0,17.0
27,52,0,17.0
27,53,0,17.0
27,54,0,17.0
27,55,0,17.0
27,56,0,17.0
27,57,0,17.0
27,58,0,17.0
27,59,0,17.0
27,60,0,17.0
27,61,0,17.0
27,62,0,17.0
27,63,0,17.0
27,64,0,17.0
27,65,0,17.0
27,66,0,17.0
27,67,0,17.0
27,68,0,17.0
27,69,0,17.0
27,70,0,17.0
27,71,0,17.0
27,72,0,17.0
27,73,0,17.0
27,74,0,17.0
27,75,0,17.0
27,76,0,17.0
27,77,0,17.0
27,78,0,17.0
27,79,0,17.0
27,80,0,17.0
27,81,0,17.0
27,82,0,17.0
27,83,0,17.0
27,84,0,17.0
27,85,0,17.0
27,86,0,17.0
27,87,0,17.0
27,88,0,17.0
27,89,0,17.0
27,90,0,17.0
27,91,0,17.0
27,92,0,17.0
27,93,0,17.0
27,94,0,17.0
27,95,0,17.0
27,96,0,17.0
27,97,0,17.0
27,98,0,17.0
27,99,0,17.0
28,0,1,5.0
28,1,1,0.0
28,2,1,0.0
28,3,0,17.0
28,4,0,17.0
28,5,0,17.0
28,6,0,17.0
28,7,0,17.0
28,8,0,17.0
28,9,0,17.0
28,10,0,17.0
28,11,0,17.0
28,12,0,17.0
28,13,0,17.0
28,14,0,17.0
28,15,0,17.0
28,16,0,17.0
28,17,0,17.0
28,18,0,17.0
28,19,0,17.0
28,20,0,17.0
28,21,0,17.0
28,22,0,17.0
28,23,0,17.0
28,24,0,17.0
28,25,0,17.0
28,26,0,17.0
28,27,0,17.0
28,28,0,17.0
28,29,0,17.0
28,30,0,17.0
28,31,0,17.0
28,32,0,17.0
28,33,0,17.0
28,34,0,17.0
28,35,0,17.0
28,36,0,17.0
28,37,0,17.0
28,38,0,17.0
28,39,0,17.0
28,40,0,17.0
28,41,0,17.0
28,42,0,17.0
28,43,0,17.0
28,44,0,17.0
28,45,0,17.0
28,46,0,17.0
28,47,0,17.0
28,48,0,17.0
28,49,0,17.0
28,50,0,17.0
28,51,0,17.0
28,52,0,17.0
28,53,0,17.0
28,54,0,17.0
28,55,0,17.0
28,56,0,17.0
28,57,0,17.0
28,58,0,17.0
28,59,0,17.0
28,60,0,17.0
28,61,0,17.0
28,62,0,17.0
28,63,0,17.0
28,64,0,17.0
28,65,0,17.0
28,66,0,17.0
28,67,0,17.0
28,68,0,17.0
28,69,0,17.0
28,70,0,17.0
28,71,0,17.0
28,72,0,17.0
28,73,0,17.0
28,74,0,17.0
28,75,0,17.0
28,76,0,17.0
28,77,0,17.0
28,78,0,17.0
28,79,0,17.0
28,80,0,17.0
28,81,0,17.0
28,82,0,17.0
28,83,0,17.0
28,84,0,17.0
28,85,0,17.0
28,86,0,17.0
28,87,0,17.0
28,88,0,17.0
28,89,0,17.0
28,90,0,17.0
28,91,0,17.0
28,92,0,17.0
28,93,0,17.0
28,94,0,17.0
28,95,0,17.0
28,96,0,17.0
28,97,0,17.0
28,98,0,17.0
28,99,0,17.0
29,0,0,17.0
29,1,0,17.0
29,2,0,17.0
29,3,0,17.0
29,4,0,17.0
29,5,0,17.0
29,6,0,17.0
29,7,0,17.0
29,8,0,17.0
29,9,0,17.0
29,10,0,17.0
29,11,0,17.0
29,12,0,17.0
29,13,0,17.0
29,14,0,17.0
29,15,0,17.0
29,16,0,17.0
29,17,0,17.0
29,18,0,17.0
29,19,0,17.0
29,20,0,17.0
29,21,0,17.0
29,22,0,17.0
29,23,0,17.0
29,24,0,17.0
29,25,0,17.0
29,26,0,17.0
29,27,0,17.0
29,28,0,17.0
29,29,0,17.0
29,30,0,17.0
29,31,0,17.0
29,32,0,17.0
29,33,0,17.0
29,34,0,17.0
29,35,0,17.0
29,36,0,17.0
29,37,0,17.0
29,38,0,17.0
29,39,0,17.0
29,40,0,17.0
29,41,0,17.0
29,42,0,17.0
29,43,0,17.0
29,44,0,17.0
29,45,0,17.0
29,46,0,17.0
29,47,0,17.0
29,48,0,17.0
29,49,0,17.0
29,50,0,17.0
29,51,0,17.0
29,52,0,17.0
29,53,0,17.0
29,54,0,17.0
29,55,0,17.0
29,56,0,17.0
29,57,0,17.0
29,58,0,17.0
29,59,0,17.0
29,60,0,17.0
29,61,0,17.0
29,62,0,17.0
29,63,0,17.0
29,64,0,17.0
29,65,0,17.0
29,66,0,17.0
29,67,0,17.0
29,68,0,17.0
29,69,0,17.0
29,70,0,17.0
29,71,0,17.0
29,72,0,17.0
29,73,0,17.0
29,74,0,17.0
29,75,0,17.0
29,76,0,17.0
29,77,0,17.0
29,78,0,17.0
29,79,0,17.0
29,80,0,17.0
29,81,0,17.0
29,82,0,17.0
29,83,0,17.0
29,84,0,17.0
29,85,0,17.0
29,86,0,17.0
29,87,0,17.0
29,88,0,17.0
29,89,0,17.0
29,90,0,17.0
29,91,0,17.0
29,92,0,17.0
29,93,0,17.0
29,94,0,17.0
29,95,0,17.0
29,96,0,17.0
29,97,0,17.0
29,98,0,17.0
29,99,0,17.0
30,0,0,17.0
30,1,0,17.0
30,2,0,17.0
30,3,0,17.0
30,4,0,17.0
30,5,0,17.0
30,6,0,17.0
30,7,0,17.0
30,8,0,17.0
30,9,0,17.0
30,10,0,17.0
30,11,0,17.0
30,12,0,17.0
30,13,0,17.0
30,14,0,17.0
30,15,0,17.0
30,16,0,17.0
30,17,0,17.0
30,18,0,17.0
30,19,0,17.0
30,20,0,17.0
30,21,0,17.0
30,22,0,17.0
30,23,0,17.0
30,24,0,17.0
30,25,0,17.0
30,26,0,17.0
30,27,0,17.0
30,28,0,17.0
30,29,0,17.0
30,30,0,17.0
30,31,0,17.0
30,32,0,17.0
30,33,0,17.0
30,34,0,17.0
30,35,0,17.0
30,36,0,17.0
30,37,0,17.0
30,38,0,17.0
30,39,0,17.0
30,40,0,17.0
30,41,0,17.0
30,42,0,17.0
30,43,0,17.0
30,44,0,17.0
30,45,0,17.0
30,46,0,17.0
30,47,0,17.0
30,48,0,17.0
30,49,0,17.0
30,50,0,17.0
30,51,0,17.0
30,52,0,17.0
30,53,0,17.0
30,54,0,17.0
30,55,0,17.0
30,56,0,17.0
30,57,0,17.0
30,58,0,17.0
30,59,0,17.0
30,60,0,17.0
30,61,0,17.0
30,62,0,17.0
30,63,0,17.0
30,64,0,17.0
30,65,0,17.0
30,66,0,17.0
30,67,0,17.0
30,68,0,17.0
30,69,0,17.0
30,70,0,17.0
30,71,0,17.0
30,72,0,17.0
30,73,0,17.0
30,74,0,17.0
30,75,0,17.0
30,76,0,17.0
30,77,0,17.0
30,78,0,17.0
30,79,0,17.0
30,80,0,17.0
30,81,0,17.0
30,82,0,17.0
30,83,0,17.0
30,84,0,17.0
30,85,0,17.0
30,86,0,17.0
30,87,0,17.0
30,88,0,17.0
30,89,0,17.0
30,90,0,17.0
30,91,0,17.0
30,92,0,17.0
30,93,0,17.0
30,94,0,17.0
30,95,0,17.0
30,96,0,17.0
30,97,0,17.0
30,98,0,17.0
30,99,0,17.0
31,0,1,0.0
31,1,1,0.0
31,2,1,5.0
31,3,1,0.0
31,4,1,5.0
31,5,1,0.0
31,6,1,0.0
31,7,1,0.0
31,8,1,5.0
31,9,1,0.0
31,10,0,17.0
31,11,0,17.0
31,12,0,17.0
31,13,0,17.0
31,14,0,17.0
31,15,0,17.0
31,16,0,17.0
31,17,0,17.0
31,18,0,17.0
31,19,0,17.0
31,20,0,17.0
31,21,0,17.0
31,22,0,17.0
31,23,0,17.0
31,24,0,17.0
31,25,0,17.0
31,26,0,17.0
31,27,0,17.0
31,28,0,17.0
31,29,0,17.0
31,30,0,17.0
31,31,0,17.0
31,32,0,17.0
31,33,0,17.0
31,34,0,17.0
31,35,0,17.0
31,36,0,17.0
31,37,0,17.0
31,38,0,17.0
31,39,0,17.0
31,40,0,17.0
31,41,0,17.0
31,42,0,17.0
31,43,0,17.0
31,44,0,17.0
31,45,0,17.0
31,46,0,17.0
31,47,0,17.0
31,48,0,17.0
31,49,0,17.0
31,50,0,17.0
31,51,0,17.0
31,52,0,17.0
31,53,0,17.0
31,54,0,17.0
31,55,0,17.0
31,56,0,17.0
31,57,0,17.0
31,58,0,17.0
31,59,0,17.0
31,60,0,17.0
31,61,0,17.0
31,62,0,17.0
31,63,0,17.0
31,64,0,17.0
31,65,0,17.0
31,66,0,17.0
31,67,0,17.0
31,68,0,17.0
31,69,0,17.0
31,70,0,17.0
31,71,0,17.0
31,72,0,17.0
31,73,0,17.0
31,74,0,17.0
31,75,0,17.0
31,76,0,17.0
31,77,0,17.0
31,78,0,17.0
31,79,0,17.0
31,80,0,17.0
31,81,0,17.0
31,82,0,17.0
31,83,0,17.0
31,84,0,17.0
31,85,0,17.0
31,86,0,17.0
31,87,0,17.0
31,88,0,17.0
31,89,0,17.0
31,90,0,17.0
31,91,0,17.0
31,92,0,17.0
31,93,0,17.0
31,94,0,17.0
31,95,0,17.0
31,96,0,17.0
31,97,0,17.0
31,98,0,17.0
31,99,0,17.0
32,0,1,0.0
32,1,0,17.0
32,2,0,17.0
32,3,0,17.0
32,4,0,17.0
32,5,0,17.0
32,6,0,17.0
32,7,0,17.0
32,8,0,17.0
32,9,0,17.0
32,10,0,17.0
32,11,0,17.0
32,12,0,17.0
32,13,0,17.0
32,14,0,17.0
32,15,0,17.0
32,16,0,17.0
32,17,0,17.0
32,18,0,17.0
32,19,0,17.0
32,20,0,17.0
32,21,0,17.0
32,22,0,17.0
32,23,0,17.0
32,24,0,17.0
32,25,0,17.0
32,26,0,17.0
32,27,0,17.0
32,28,0,17.0
32,29,0,17.0
32,30,0,17.0
32,31,0,17.0
32,32,0,17.0
32,33,0,17.0
32,34,0,17.0
32,35,0,17.0
32,36,0,17.0
32,37,0,17.0
32,38,0,17.0
32,39,0,17.0
32,40,0,17.0
32,41,0,17.0
32,42,0,17.0
32,43,0,17.0
32,44,0,17.0
32,45,0,17.0
32,46,0,17.0
32,47,0,17.0
32,48,0,17.0
32,49,0,17.0
32,50,0,17.0
32,51,0,17.0
32,52,0,17.0
32,53,0,17.0
32,54,0,17.0
32,55,0,17.0
32,56,0,17.0
32,57,0,17.0
32,58,0,17.0
32,59,0,17.0
32,60,0,17.0
32,61,0,17.0
32,62,0,17.0
32,63,0,17.0
32,64,0,17.0
32,65,0,17.0
32,66,0,17.0
32,67,0,17.0
32,68,0,17.0
32,69,0,17.0
32,70,0,17.0
32,71,0,17.0
32,72,0,17.0
32,73,0,17.0
32,74,0,17.0
32,75,0,17.0
32,76,0,17.0
32,77,0,17.0
32,78,0,17.0
32,79,0,17.0
32,80,0,17.0
32,81,0,17.0
32,82,0,17.0
32,83,0,17.0
32,84,0,17.0
32,85,0,17.0
32,86,0,17.0
32,87,0,17.0
32,88,0,17.0
32,89,0,17.0
32,90,0,17.0
32,91,0,17.0
32,92,0,17.0
32,93,0,17.0
32,94,0,17.0
32,95,0,17.0
32,96,0,17.0
32,97,0,17.0
32,98,0,17.0
32,99,0,17.0
33,0,0,17.0
33,1,0,17.0
33,2,0,17.0
33,3,0,17.0
33,4,0,17.0
33,5,0,17.0
33,6,0,17.0
33,7,0,17.0
33,8,0,17.0
33,9,0,17.0
33,10,0,17.0
33,11,0,17.0
33,12,0,17.0
33,13,0,17.0
33,14,0,17.0
33,15,0,17.0
33,16,0,17.0
33,17,0,17.0
33,18,0,17.0
33,19,0,17.0
33,20,0,17.0
33,21,0,17.0
33,22,0,17.0
33,23,0,17.0
33,24,0,17.0
33,25,0,17.0
33,26,0,17.0
33,27,0,17.0
33,28,0,17.0
33,29,0,17.0
33,30,0,17.0
33,31,0,17.0
33,32,0,17.0
33,33,0,17.0
33,34,0,17.0
33,35,0,17.0
33,36,0,17.0
33,37,0,17.0
33,38,0,17.0
33,39,0,17.0
33,40,0,17.0
33,41,0,17.0
33,42,0,17.0
33,43,0,17.0
33,44,0,17.0
33,45,0,17.0
33,46,0,17.0
33,47,0,17.0
33,48,0,17.0
33,49,0,17.0
33,50,0,17.0
33,51,0,17.0
33,52,0,17.0
33,53,0,17.0
33,54,0,17.0
33,55,0,17.0
33,56,0,17.0
33,57,0,17.0
33,58,0,17.0
33,59,0,17.0
33,60,0,17.0
33,61,0,17.0
33,62,0,17.0
33,63,0,17.0
33,64,0,17.0
33,65,0,17.0
33,66,0,17.0
33,67,0,17.0
33,68,0,17.0
33,69,0,17.0
33,70,0,17.0
33,71,0,17.0
33,72,0,17.0
33,73,0,17.0
33,74,0,17.0
33,75,0,17.0
33,76,0,17.0
33,77,0,17.0
33,78,0,17.0
33,79,0,17.0
33,80,0,17.0
33,81,0,17.0
33,82,0,17.0
33,83,0,17.0
33,84,0,17.0
33,85,0,17.0
33,86,0,17.0
33,87,0,17.0
33,88,0,17.0
33,89,0,17.0
33,90,0,17.0
33,91,0,17.0
33,92,0,17.0
33,93,0,17.0
33,94,0,17.0
33,95,0,17.0
33,96,0,17.0
33,97,0,17.0
33,98,0,17.0
33,99,0,17.0
34,0,1,0.0
34,1,0,17.0
34,2,0,17.0
34,3,0,17.0
34,4,0,17.0
34,5,0,17.0
34,6,0,17.0
34,7,0,17.0
34,8,0,17.0
34,9,0,17.0
34,10,0,17.0
34,11,0,17.0
34,12,0,17.0
34,13,0,17.0
34,14,0,17.0
34,15,0,17.0
34,16,0,17.0
34,17,0,17.0
34,18,0,17.0
34,19,0,17.0
34,20,0,17.0
34,21,0,17.0
34,22,0,17.0
34,23,0,17.0
34,24,0,17.0
34,25,0,17.0
34,26,0,17.0
34,27,0,17.0
34,28,0,17.0
34,29,0,17.0
34,30,0,17.0
34,31,0,17.0
34,32,0,17.0
34,33,0,17.0
34,34,0,17.0
34,35,0,17.0
34,36,0,17.0
34,37,0,17.0
34,38,0,17.0
34,39,0,17.0
34,40,0,17.0
34,41,0,17.0
34,42,0,17.0
34,43,0,17.0
34,44,0,17.0
34,45,0,17.0
34,46,0,17.0
34,47,0,17.0
34,48,0,17.0
34,49,0,17.0
34,50,0,17.0
34,51,0,17.0
34,52,0,17.0
34,53,0,17.0
34,54,0,17.0
34,55,0,17.0
34,56,0,17.0
34,57,0,17.0
34,58,0,17.0
34,59,0,17.0
34,60,0,17.0
34,61,0,17.0
34,62,0,17.0
34,63,0,17.0
34,64,0,17.0
34,65,0,17.0
34,66,0,17.0
34,67,0,17.0
34,68,0,17.0
34,69,0,17.0
34,70,0,17.0
34,71,0,17.0
34,72,0,17.0
34,73,0,17.0
34,74,0,17.0
34,75,0,17.0
34,76,0,17.0
34,77,0,17.0
34,78,0,17.0
34,79,0,17.0
34,80,0,17.0
34,81,0,17.0
34,82,0,17.0
34,83,0,17.0
34,84,0,17.0
34,85,0,17.0
34,86,0,17.0
34,87,0,17.0
34,88,0,17.0
34,89,0,17.0
34,90,0,17.0
34,91,0,17.0
34,92,0,17.0
34,93,0,17.0
34,94,0,17.0
34,95,0,17.0
34,96,0,17.0
34,97,0,17.0
34,98,0,17.0
34,99,0,17.0
35,0,0,17.0
35,1,0,17.0
35,2,0,17.0
35,3,0,17.0
35,4,0,17.0
35,5,0,17.0
35,6,0,17.0
35,7,0,17.0
35,8,0,17.0
35,9,0,17.0
35,10,0,17.0
35,11,0,17.0
35,12,0,17.0
35,13,0,17.0
35,14,0,17.0
35,15,0,17.0
35,16,0,17.0
35,17,0,17.0
35,18,0,17.0
35,19,0,17.0
35,20,0,17.0
35,21,0,17.0
35,22,0,17.0
35,23,0,17.0
35,24,0,17.0
35,25,0,17.0
35,26,0,17.0
35,27,0,17.0
35,28,0,17.0
35,29,0,17.0
35,30,0,17.0
35,31,0,17.0
35,32,0,17.0
35,33,0,17.0
35,34,0,17.0
35,35,0,17.0
35,36,0,17.0
35,37,0,17.0
35,38,0,17.0
35,39,0,17.0
35,40,0,17.0
35,41,0,17.0
35,42,0,17.0
35,43,0,17.0
35,44,0,17.0
35,45,0,17.0
35,46,0,17.0
35,47,0,17.0
35,48,0,17.0
35,49,0,17.0
35,50,0,17.0
35,51,0,17.0
35,52,0,17.0
35,53,0,17.0
35,54,0,17.0
35,55,0,17.0
35,56,0,17.0
35,57,0,17.0
35,58,0,17.0
35,59,0,17.0
35,60,0,17.0
35,61,0,17.0
35,62,0,17.0
35,63,0,17.0
35,64,0,17.0
35,65,0,17.0
35,66,0,17.0
35,67,0,17.0
35,68,0,17.0
35,69,0,17.0
35,70,0,17.0
35,71,0,17.0
35,72,0,17.0
35,73,0,17.0
35,74,0,17.0
35,75,0,17.0
35,76,0,17.0
35,77,0,17.0
35,78,0,17.0
35,79,0,17.0
35,80,0,17.0
35,81,0,17.0
35,82,0,17.0
35,83,0,17.0
35,84,0,17.0
35,85,0,17.0
35,86,0,17.0
35,87,0,17.0
35,88,0,17.0
35,89,0,17.0
35,90,0,17.0
35,91,0,17.0
35,92,0,17.0
35,93,0,17.0
35,94,0,17.0
35,95,0,17.0
35,96,0,17.0
35,97,0,17.0
35,98,0,17.0
35,99,0,17.0
36,0,1,0.0
36,1,1,0.0
36,2,0,17.0
36,3,0,17.0
36,4,0,17.0
36,5,0,17.0
36,6,0,17.0
36,7,0,17.0
36,8,0,17.0
36,9,0,17.0
36,10,0,17.0
36,11,0,17.0
36,12,0,17.0
36,13,0,17.0
36,14,0,17.0
36,15,0,17.0
36,16,0,17.0
36,17,0,17.0
36,18,0,17.0
36,19,0,17.0
36,20,0,17.0
36,21,0,17.0
36,22,0,17.0
36,23,0,17.0
36,24,0,17.0
36,25,0,17.0
36,26,0,17.0
36,27,0,17.0
36,28,0,17.0
36,29,0,17.0
36,30,0,17.0
36,31,0,17.0
36,32,0,17.0
36,33,0,17.0
36,34,0,17.0
36,35,0,17.0
36,36,0,17.0
36,37,0,17.0
36,38,0,17.0
36,39,0,17.0
36,40,0,17.0
36,41,0,17.0
36,42,0,17.0
36,43,0,17.0
36,44,0,17.0
36,45,0,17.0
36,46,0,17.0
36,47,0,17.0
36,48,0,17.0
36,49,0,17.0
36,50,0,17.0
36,51,0,17.0
36,52,0,17.0
36,53,0,17.0
36,54,0,17.0
36,55,0,17.0
36,56,0,17.0
36,57,0,17.0
36,58,0,17.0
36,59,0,17.0
36,60,0,17.0
36,61,0,17.0
36,62,0,17.0
36,63,0,17.0
36,64,0,17.0
36,65,0,17.0
36,66,0,17.0
36,67,0,17.0
36,68,0,17.0
36,69,0,17.0
36,70,0,17.0
36,71,0,17.0
36,72,0,17.0
36,73,0,17.0
36,74,0,17.0
36,75,0,17.0
36,76,0,17.0
36,77,0,17.0
36,78,0,17.0
36,79,0,17.0
36,80,0,17.0
36,81,0,17.0
36,82,0,17.0
36,83,0,17.0
36,84,0,17.0
36,85,0,17.0
36,86,0,17.0
36,87,0,17.0
36,88,0,17.0
36,89,0,17.0
36,90,0,17.0
36,91,0,17.0
36,92,0,17.0
36,93,0,17.0
36,94,0,17.0
36,95,0,17.0
36,96,0,17.0
36,97,0,17.0
36,98,0,17.0
36,99,0,17.0
37,0,0,17.0
37,1,0,17.0
37,2,0,17.0
37,3,0,17.0
37,4,0,17.0
37,5,0,17.0
37,6,0,17.0
37,7,0,17.0
37,8,0,17.0
37,9,0,17.0
37,10,0,17.0
37,11,0,17.0
37,12,0,17.0
37,13,0,17.0
37,14,0,17.0
37,15,0,17.0
37,16,0,17.0
37,17,0,17.0
37,18,0,17.0
37,19,0,17.0
37,20,0,17.0
37,21,0,17.0
37,22,0,17.0
37,23,0,17.0
37,24,0,17.0
37,25,0,17.0
37,26,0,17.0
37,27,0,17.0
37,28,0,17.0
37,29,0,17.0
37,30,0,17.0
37,31,0,17.0
37,32,0,17.0
37,33,0,17.0
37,34,0,17.0
37,35,0,17.0
37,36,0,17.0
37,37,0,17.0
37,38,0,17.0
37,39,0,17.0
37,40,0,17.0
37,41,0,17.0
37,42,0,17.0
37,43,0,17.0
37,44,0,17.0
37,45,0,17.0
37,46,0,17.0
37,47,0,17.0
37,48,0,17.0
37,49,0,17.0
37,50,0,17.0
37,51,0,17.0
37,52,0,17.0
37,53,0,17.0
37,54,0,17.0
37,55,0,17.0
37,56,0,17.0
37,57,0,17.0
37,58,0,17.0
37,59,0,17.0
37,60,0,17.0
37,61,0,17.0
37,62,0,17.0
37,63,0,17.0
37,64,0,17.0
37,65,0,17.0
37,66,0,17.0
37,67,0,17.0
37,68,0,17.0
37,69,0,17.0
37,70,0,17.0
37,71,0,17.0
37,72,0,17.0
37,73,0,17.0
37,74,0,17.0
37,75,0,17.0
37,76,0,17.0
37,77,0,17.0
37,78,0,17.0
37,79,0,17.0
37,80,0,17.0
37,81,0,17.0
37,82,0,17.0
37,83,0,17.0
37,84,0,17.0
37,85,0,17.0
37,86,0,17.0
37,87,0,17.0
37,88,0,17.0
37,89,0,17.0
37,90,0,17.0
37,91,0,17.0
37,92,0,17.0
37,93,0,17.0
37,94,0,17.0
37,95,0,17.0
37,96,0,17.0
37,97,0,17.0
37,98,0,17.0
37,99,0,17.0
38,0,0,17.0
38,1,0,17.0
38,2,0,17.0
38,3,0,17.0
38,4,0,17.0
38,5,0,17.0
38,6,0,17.0
38,7,0,17.0
38,8,0,17.0
38,9,0,17.0
38,10,0,17.0
38,11,0,17.0
38,12,0,17.0
38,13,0,17.0
38,14,0,17.0
38,15,0,17.0
38,16,0,17.0
38,17,0,17.0
38,18,0,17.0
38,19,0,17.0
38,20,0,17.0
38,21,0,17.0
38,22,0,17.0
38,23,0,17.0
38,24,0,17.0
38,25,0,17.0
38,26,0,17.0
38,27,0,17.0
38,28,0,17.0
38,29,0,17.0
38,30,0,17.0
38,31,0,17.0
38,32,0,17.0
38,33,0,17.0
38,34,0,17.0
38,35,0,17.0
38,36,0,17.0
38,37,0,17.0
38,38,0,17.0
38,39,0,17.0
38,40,0,17.0
38,41,0,17.0
38,42,0,17.0
38,43,0,17.0
38,44,0,17.0
38,45,0,17.0
38,46,0,17.0
38,47,0,17.0
38,48,0,17.0
38,49,0,17.0
38,50,0,17.0
38,51,0,17.0
38,52,0,17.0
38,53,0,17.0
38,54,0,17.0
38,55,0,17.0
38,56,0,17.0
38,57,0,17.0
38,58,0,17.0
38,59,0,17.0
38,60,0,17.0
38,61,0,17.0
38,62,0,17.0
38,63,0,17.0
38,64,0,17.0
38,65,0,17.0
38,66,0,17.0
38,67,0,17.0
38,68,0,17.0
38,69,0,17.0
38,70,0,17.0
38,71,0,17.0
38,72,0,17.0
38,73,0,17.0
38,74,0,17.0
38,75,0,17.0
38,76,0,17.0
38,77,0,17.0
38,78,0,17.0
38,79,0,17.0
38,80,0,17.0
38,81,0,17.0
38,82,0,17.0
38,83,0,17.0
38,84,0,17.0
38,85,0,17.0
38,86,0,17.0
38,87,0,17.0
38,88,0,17.0
38,89,0,17.0
38,90,0,17.0
38,91,0,17.0
38,92,0,17.0
38,93,0,17.0
38,94,0,17.0
38,95,0,17.0
38,96,0,17.0
38,97,0,17.0
38,98,0,17.0
38,99,0,17.0
39,0,0,17.0
39,1,0,17.0
39,2,0,17.0
39,3,0,17.0
39,4,0,17.0
39,5,0,17.0
39,6,0,17.0
39,7,0,17.0
39,8,0,17.0
39,9,0,17.0
39,10,0,17.0
39,11,0,17.0
39,12,0,17.0
39,13,0,17.0
39,14,0,17.0
39,15,0,17.0
39,16,0,17.0
39,17,0,17.0
39,18,0,17.0
39,19,0,17.0
39,20,0,17.0
39,21,0,17.0
39,22,0,17.0
39,23,0,17.0
39,24,0,17.0
39,25,0,17.0
39,26,0,17.0
39,27,0,17.0
39,28,0,17.0
39,29,0,17.0
39,30,0,17.0
39,31,0,17.0
39,32,0,17.0
39,33,0,17.0
39,34,0,17.0
39,35,0,17.0
39,36,0,17.0
39,37,0,17.0
39,38,0,17.0
39,39,0,17.0
39,40,0,17.0
39,41,0,17.0
39,42,0,17.0
39,43,0,17.0
39,44,0,17.0
39,45,0,17.0
39,46,0,17.0
39,47,0,17.0
39,48,0,17.0
39,49,0,17.0
39,50,0,17.0
39,51,0,17.0
39,52,0,17.0
39,53,0,17.0
39,54,0,17.0
39,55,0,17.0
39,56,0,17.0
39,57,0,17.0
39,58,0,17.0
39,59,0,17.0
39,60,0,17.0
39,61,0,17.0
39,62,0,17.0
39,63,0,17.0
39,64,0,17.0
39,65,0,17.0
39,66,0,17.0
39,67,0,17.0
39,68,0,17.0
39,69,0,17.0
39,70,0,17.0
39,71,0,17.0
39,72,0,17.0
39,73,0,17.0
39,74,0,17.0
39,75,0,17.0
39,76,0,17.0
39,77,0,17.0
39,78,0,17.0
39,79,0,17.0
39,80,0,17.0
39,81,0,17.0
39,82,0,17.0
39,83,0,17.0
39,84,0,17.0
39,85,0,17.0
39,86,0,17.0
39,87,0,17.0
39,88,0,17.0
39,89,0,17.0
39,90,0,17.0
39,91,0,17.0
39,92,0,17.0
39,93,0,17.0
39,94,0,17.0
39,95,0,17.0
39,96,0,17.0
39,97,0,17.0
39,98,0,17.0
39,99,0,17.0
40,0,0,17.0
40,1,0,17.0
40,2,0,17.0
40,3,0,17.0
40,4,0,17.0
40,5,0,17.0
40,6,0,17.0
40,7,0,17.0
40,8,0,17.0
40,9,0,17.0
40,10,0,17.0
40,11,0,17.0
40,12,0,17.0
40,13,0,17.0
40,14,0,17.0
40,15,0,17.0
40,16,0,17.0
40,17,0,17.0
40,18,0,17.0
40,19,0,17.0
40,20,0,17.0
40,21,0,17.0
40,22,0,17.0
40,23,0,17.0
40,24,0,17.0
40,25,0,17.0
40,26,0,17.0
40,27,0,17.0
40,28,0,17.0
40,29,0,17.0
40,30,0,17.0
40,31,0,17.0
40,32,0,17.0
40,33,0,17.0
40,34,0,17.0
40,35,0,17.0
40,36,0,17.0
40,37,0,17.0
40,38,0,17.0
40,39,0,17.0
40,40,0,17.0
40,41,0,17.0
40,42,0,17.0
40,43,0,17.0
40,44,0,17.0
40,45,0,17.0
40,46,0,17.0
40,47,0,17.0
40,48,0,17.0
40,49,0,17.0
40,50,0,17.0
40,51,0,17.0
40,52,0,17.0
40,53,0,17.0
40,54,0,17.0
40,55,0,17.0
40,56,0,17.0
40,57,0,17.0
40,58,0,17.0
40,59,0,17.0
40,60,0,17.0
40,61,0,17.0
40,62,0,17.0
40,63,0,17.0
40,64,0,17.0
40,65,0,17.0
40,66,0,17.0
40,67,0,17.0
40,68,0,17.0
40,69,0,17.0
40,70,0,17.0
40,71,0,17.0
40,72,0,17.0
40,73,0,17.0
40,74,0,17.0
40,75,0,17.0
40,76,0,17.0
40,77,0,17.0
40,78,0,17.0
40,79,0,17.0
40,80,0,17.0
40,81,0,17.0
40,82,0,17.0
40,83,0,17.0
40,84,0,17.0
40,85,0,17.0
40,86,0,17.0
40,87,0,17.0
40,88,0,17.0
40,89,0,17.0
40,90,0,17.0
40,91,0,17.0
40,92,0,17.0
40,93,0,17.0
40,94,0,17.0
40,95,0,17.0
40,96,0,17.0
40,97,0,17.0
40,98,0,17.0
40,99,0,17.0
41,0,1,0.0
41,1,1,0.0
41,2,1,5.0
41,3,1,0.0
41,4,1,0.0
41,5,1,5.0
41,6,1,0.0
41,7,1,0.0
41,8,0,17.0
41,9,0,17.0
41,10,0,17.0
41,11,0,17.0
41,12,0,17.0
41,13,0,17.0
41,14,0,17.0
41,15,0,17.0
41,16,0,17.0
41,17,0,17.0
41,18,0,17.0
41,19,0,17.0
41,20,0,17.0
41,21,0,17.0
41,22,0,17.0
41,23,0,17.0
41,24,0,17.0
41,25,0,17.0
41,26,0,17.0
41,27,0,17.0
41,28,0,17.0
41,29,0,17.0
41,30,0,17.0
41,31,0,17.0
41,32,0,17.0
41,33,0,17.0
41,34,0,17.0
41,35,0,17.0
41,36,0,17.0
41,37,0,17.0
41,38,0,17.0
41,39,0,17.0
41,40,0,17.0
41,41,0,17.0
41,42,0,17.0
41,43,0,17.0
41,44,0,17.0
41,45,0,17.0
41,46,0,17.0
41,47,0,17.0
41,48,0,17.0
41,49,0,17.0
41,50,0,17.0
41,51,0,17.0
41,52,0,17.0
41,53,0,17.0
41,54,0,17.0
41,55,0,17.0
41,56,0,17.0
41,57,0,17.0
41,58,0,17.0
41,59,0,17.0
41,60,0,17.0
41,61,0,17.0
41,62,0,17.0
41,63,0,17.0
41,64,0,17.0
41,65,0,17.0
41,66,0,17.0
41,67,0,17.0
41,68,0,17.0
41,69,0,17.0
41,70,0,17.0
41,71,0,17.0
41,72,0,17.0
41,73,0,17.0
41,74,0,17.0
41,75,0,17.0
41,76,0,17.0
41,77,0,17.0
41,78,0,17.0
41,79,0,17.0
41,80,0,17.0
41,81,0,17.0
41,82,0,17.0
41,83,0,17.0
41,84,0,17.0
41,85,0,17.0
41,86,0,17.0
41,87,0,17.0
41,88,0,17.0
41,89,0,17.0
41,90,0,17.0
41,91,0,17.0
41,92,0,17.0
41,93,0,17.0
41,94,0,17.0
41,95,0,17.0
41,96,0,17.0
41,97,0,17.0
41,98,0,17.0
41,99,0,17.0
42,0,1,0.0
42,1,1,0.0
42,2,0,17.0
42,3,0,17.0
42,4,0,17.0
42,5,0,17.0
42,6,0,17.0
42,7,0,17.0
42,8,0,17.0
42,9,0,17.0
42,10,0,17.0
42,11,0,17.0
42,12,0,17.0
42,13,0,17.0
42,14,0,17.0
42,15,0,17.0
42,16,0,17.0
42,17,0,17.0
42,18,0,17.0
42,19,0,17.0
42,20,0,17.0
42,21,0,17.0
42,22,0,17.0
42,23,0,17.0
42,24,0,17.0
42,25,0,17.0
42,26,0,17.0
42,27,0,17.0
42,28,0,17.0
42,29,0,17.0
42,30,0,17.0
42,31,0,17.0
42,32,0,17.0
42,33,0,17.0
42,34,0,17.0
42,35,0,17.0
42,36,0,17.0
42,37,0,17.0
42,38,0,17.0
42,39,0,17.0
42,40,0,17.0
42,41,0,17.0
42,42,0,17.0
42,43,0,17.0
42,44,0,17.0
42,45,0,17.0
42,46,0,17.0
42,47,0,17.0
42,48,0,17.0
42,49,0,17.0
42,50,0,17.0
42,51,0,17.0
42,52,0,17.0
42,53,0,17.0
42,54,0,17.0
42,55,0,17.0
42,56,0,17.0
42,57,0,17.0
42,58,0,17.0
42,59,0,17.0
42,60,0,17.0
42,61,0,17.0
42,62,0,17.0
42,63,0,17.0
42,64,0,17.0
42,65,0,17.0
42,66,0,17.0
42,67,0,17.0
42,68,0,17.0
42,69,0,17.0
42,70,0,17.0
42,71,0,17.0
42,72,0,17.0
42,73,0,17.0
42,74,0,17.0
42,75,0,17.0
42,76,0,17.0
42,77,0,17.0
42,78,0,17.0
42,79,0,17.0
42,80,0,17.0
42,81,0,17.0
42,82,0,17.0
42,83,0,17.0
42,84,0,17.0
42,85,0,17.0
42,86,0,17.0
42,87,0,17.0
42,88,0,17.0
42,89,0,17.0
42,90,0,17.0
42,91,0,17.0
42,92,0,17.0
42,93,0,17.0
42,94,0,17.0
42,95,0,17.0
42,96,0,17.0
42,97,0,17.0
42,98,0,17.0
42,99,0,17.0
43,0,1,5.0
43,1,1,0.0
43,2,1,0.0
43,3,1,0.0
43,4,0,17.0
43,5,0,17.0
43,6,0,17.0
43,7,0,17.0
43,8,0,17.0
43,9,0,17.0
43,10,0,17.0
43,11,0,17.0
43,12,0,17.0
43,13,0,17.0
43,14,0,17.0
43,15,0,17.0
43,16,0,17.0
43,17,0,17.0
43,18,0,17.0
43,19,0,17.0
43,20,0,17.0
43,21,0,17.0
43,22,0,17.0
43,23,0,17.0
43,24,0,17.0
43,25,0,17.0
43,26,0,17.0
43,27,0,17.0
43,28,0,17.0
43,29,0,17.0
43,30,0,17.0
43,31,0,17.0
43,32,0,17.0
43,33,0,17.0
43,34,0,17.0
43,35,0,17.0
43,36,0,17.0
43,37,0,17.0
43,38,0,17.0
43,39,0,17.0
43,40,0,17.0
43,41,0,17.0
43,42,0,17.0
43,43,0,17.0
43,44,0,17.0
43,45,0,17.0
43,46,0,17.0
43,47,0,17.0
43,48,0,17.0
43,49,0,17.0
43,50,0,17.0
43,51,0,17.0
43,52,0,17.0
43,53,0,17.0
43,54,0,17.0
43,55,0,17.0
43,56,0,17.0
43,57,0,17.0
43,58,0,17.0
43,59,0,17.0
43,60,0,17.0
43,61,0,17.0
43,62,0,17.0
43,63,0,17.0
43,64,0,17.0
43,65,0,17.0
43,66,0,17.0
43,67,0,17.0
43,68,0,17.0
43,69,0,17.0
43,70,0,17.0
43,71,0,17.0
43,72,0,17.0
43,73,0,17.0
43,74,0,17.0
43,75,0,17.0
43,76,0,17.0
43,77,0,17.0
43,78,0,17.0
43,79,0,17.0
43,80,0,17.0
43,81,0,17.0
43,82,0,17.0
43,83,0,17.0
43,84,0,17.0
43,85,0,17.0
43,86,0,17.0
43,87,0,17.0
43,88,0,17.0
43,89,0,17.0
43,90,0,17.0
43,91,0,17.0
43,92,0,17.0
43,93,0,17.0
43,94,0,17.0
43,95,0,17.0
43,96,0,17.0
43,97,0,17.0
43,98,0,17.0
43,99,0,17.0
44,0,1,0.0
44,1,1,0.0
44,2,0,17.0
44,3,0,17.0
44,4,0,17.0
44,5,0,17.0
44,6,0,17.0
44,7,0,17.0
44,8,0,17.0
44,9,0,17.0
44,10,0,17.0
44,11,0,17.0
44,12,0,17.0
44,13,0,17.0
44,14,0,17.0
44,15,0,17.0
44,16,0,17.0
44,17,0,17.0
44,18,0,17.0
44,19,0,17.0
44,20,0,17.0
44,21,0,17.0
44,22,0,17.0
44,23,0,17.0
44,24,0,17.0
44,25,0,17.0
44,26,0,17.0
44,27,0,17.0
44,28,0,17.0
44,29,0,17.0
44,30,0,17.0
44,31,0,17.0
44,32,0,17.0
44,33,0,17.0
44,34,0,17.0
44,35,0,17.0
44,36,0,17.0
44,37,0,17.0
44,38,0,17.0
44,39,0,17.0
44,40,0,17.0
44,41,0,17.0
44,42,0,17.0
44,43,0,17.0
44,44,0,17.0
44,45,0,17.0
44,46,0,17.0
44,47,0,17.0
44,48,0,17.0
44,49,0,17.0
44,50,0,17.0
44,51,0,17.0
44,52,0,17.0
44,53,0,17.0
44,54,0,17.0
44,55,0,17.0
44,56,0,17.0
44,57,0,17.0
44,58,0,17.0
44,59,0,17.0
44,60,0,17.0
44,61,0,17.0
44,62,0,17.0
44,63,0,17.0
44,64,0,17.0
44,65,0,17.0
44,66,0,17.0
44,67,0,17.0
44,68,0,17.0
44,69,0,17.0
44,70,0,17.0
44,71,0,17.0
44,72,0,17.0
44,73,0,17.0
44,74,0,17.0
44,75,0,17.0
44,76,0,17.0
44,77,0,17.0
44,78,0,17.0
44,79,0,17.0
44,80,0,17.0
44,81,0,17.0
44,82,0,17.0
44,83,0,17.0
44,84,0,17.0
44,85,0,17.0
44,86,0,17.0
44,87,0,17.0
44,88,0,17.0
44,89,0,17.0
44,90,0,17.0
44,91,0,17.0
44,92,0,17.0
44,93,0,17.0
44,94,0,17.0
44,95,0,17.0
44,96,0,17.0
44,97,0,17.0
44,98,0,17.0
44,99,0,17.0
45,0,0,17.0
45,1,0,17.0
45,2,0,17.0
45,3,0,17.0
45,4,0,17.0
45,5,0,17.0
45,6,0,17.0
45,7,0,17.0
45,8,0,17.0
45,9,0,17.0
45,10,0,17.0
45,11,0,17.0
45,12,0,17.0
45,13,0,17.0
45,14,0,17.0
45,15,0,17.0
45,16,0,17.0
45,17,0,17.0
45,18,0,17.0
45,19,0,17.0
45,20,0,17.0
45,21,0,17.0
45,22,0,17.0
45,23,0,17.0
45,24,0,17.0
45,25,0,17.0
45,26,0,17.0
45,27,0,17.0
45,28,0,17.0
45,29,0,17.0
45,30,0,17.0
45,31,0,17.0
45,32,0,17.0
45,33,0,17.0
45,34,0,17.0
45,35,0,17.0
45,36,0,17.0
45,37,0,17.0
45,38,0,17.0
45,39,0,17.0
45,40,0,17.0
45,41,0,17.0
45,42,0,17.0
45,43,0,17.0
45,44,0,17.0
45,45,0,17.0
45,46,0,17.0
45,47,0,17.0
45,48,0,17.0
45,49,0,17.0
45,50,0,17.0
45,51,0,17.0
45,52,0,17.0
45,53,0,17.0
45,54,0,17.0
45,55,0,17.0
45,56,0,17.0
45,57,0,17.0
45,58,0,17.0
45,59,0,17.0
45,60,0,17.0
45,61,0,17.0
45,62,0,17.0
45,63,0,17.0
45,64,0,17.0
45,65,0,17.0
45,66,0,17.0
45,67,0,17.0
45,68,0,17.0
45,69,0,17.0
45,70,0,17.0
45,71,0,17.0
45,72,0,17.0
45,73,0,17.0
45,74,0,17.0
45,75,0,17.0
45,76,0,17.0
45,77,0,17.0
45,78,0,17.0
45,79,0,17.0
45,80,0,17.0
45,81,0,17.0
45,82,0,17.0
45,83,0,17.0
45,84,0,17.0
45,85,0,17.0
45,86,0,17.0
45,87,0,17.0
45,88,0,17.0
45,89,0,17.0
45,90,0,17.0
45,91,0,17.0
45,92,0,17.0
45,93,0,17.0
45,94,0,17.0
45,95,0,17.0
45,96,0,17.0
45,97,0,17.0
45,98,0,17.0
45,99,0,17.0
46,0,0,17.0
46,1,0,17.0
46,2,0,17.0
46,3,0,17.0
46,4,0,17.0
46,5,0,17.0
46,6,0,17.0
46,7,0,17.0
46,8,0,17.0
46,9,0,17.0
46,10,0,17.0
46,11,0,17.0
46,12,0,17.0
46,13,0,17.0
46,14,0,17.0
46,15,0,17.0
46,16,0,17.0
46,17,0,17.0
46,18,0,17.0
46,19,0,17.0
46,20,0,17.0
46,21,0,17.0
46,22,0,17.0
46,23,0,17.0
46,24,0,17.0
46,25,0,17.0
46,26,0,17.0
46,27,0,17.0
46,28,0,17.0
46,29,0,17.0
46,30,0,17.0
46,31,0,17.0
46,32,0,17.0
46,33,0,17.0
46,34,0,17.0
46,35,0,17.0
46,36,0,17.0
46,37,0,17.0
46,38,0,17.0
46,39,0,17.0
46,40,0,17.0
46,41,0,17.0
46,42,0,17.0
46,43,0,17.0
46,44,0,17.0
46,45,0,17.0
46,46,0,17.0
46,47,0,17.0
46,48,0,17.0
46,49,0,17.0
46,50,0,17.0
46,51,0,17.0
46,52,0,17.0
46,53,0,17.0
46,54,0,17.0
46,55,0,17.0
46,56,0,17.0
46,57,0,17.0
46,58,0,17.0
46,59,0,17.0
46,60,0,17.0
46,61,0,17.0
46,62,0,17.0
46,63,0,17.0
46,64,0,17.0
46,65,0,17.0
46,66,0,17.0
46,67,0,17.0
46,68,0,17.0
46,69,0,17.0
46,70,0,17.0
46,71,0,17.0
46,72,0,17.0
46,73,0,17.0
46,74,0,17.0
46,75,0,17.0
46,76,0,17.0
46,77,0,17.0
46,78,0,17.0
46,79,0,17.0
46,80,0,17.0
46,81,0,17.0
46,82,0,17.0
46,83,0,17.0
46,84,0,17.0
46,85,0,17.0
46,86,0,17.0
46,87,0,17.0
46,88,0,17.0
46,89,0,17.0
46,90,0,17.0
46,91,0,17.0
46,92,0,17.0
46,93,0,17.0
46,94,0,17.0
46,95,0,17.0
46,96,0,17.0
46,97,0,17.0
46,98,0,17.0
46,99,0,17.0
47,0,0,17.0
47,1,0,17.0
47,2,0,17.0
47,3,0,17.0
47,4,0,17.0
47,5,0,17.0
47,6,0,17.0
47,7,0,17.0
47,8,0,17.0
47,9,0,17.0
47,10,0,17.0
47,11,0,17.0
47,12,0,17.0
47,13,0,17.0
47,14,0,17.0
47,15,0,17.0
47,16,0,17.0
47,17,0,17.0
47,18,0,17.0
47,19,0,17.0
47,20,0,17.0
47,21,0,17.0
47,22,0,17.0
47,23,0,17.0
47,24,0,17.0
47,25,0,17.0
47,26,0,17.0
47,27,0,17.0
47,28,0,17.0
47,29,0,17.0
47,30,0,17.0
47,31,0,17.0
47,32,0,17.0
47,33,0,17.0
47,34,0,17.0
47,35,0,17.0
47,36,0,17.0
47,37,0,17.0
47,38,0,17.0
47,39,0,17.0
47,40,0,17.0
47,41,0,17.0
47,42,0,17.0
47,43,0,17.0
47,44,0,17.0
47,45,0,17.0
47,46,0,17.0
47,47,0,17.0
47,48,0,17.0
47,49,0,17.0
47,50,0,17.0
47,51,0,17.0
47,52,0,17.0
47,53,0,17.0
47,54,0,17.0
47,55,0,17.0
47,56,0,17.0
47,57,0,17.0
47,58,0,17.0
47,59,0,17.0
47,60,0,17.0
47,61,0,17.0
47,62,0,17.0
47,63,0,17.0
47,64,0,17.0
47,65,0,17.0
47,66,0,17.0
47,67,0,17.0
47,68,0,17.0
47,69,0,17.0
47,70,0,17.0
47,71,0,17.0
47,72,0,17.0
47,73,0,17.0
47,74,0,17.0
47,75,0,17.0
47,76,0,17.0
47,77,0,17.0
47,78,0,17.0
47,79,0,17.0
47,80,0,17.0
47,81,0,17.0
47,82,0,17.0
47,83,0,17.0
47,84,0,17.0
47,85,0,17.0
47,86,0,17.0
47,87,0,17.0
47,88,0,17.0
47,89,0,17.0
47,90,0,17.0
47,91,0,17.0
47,92,0,17.0
47,93,0,17.0
47,94,0,17.0
47,95,0,17.0
47,96,0,17.0
47,97,0,17.0
47,98,0,17.0
47,99,0,17.0
48,0,1,5.0
48,1,1,0.0
48,2,1,0.0
48,3,0,17.0
48,4,0,17.0
48,5,0,17.0
48,6,0,17.0
48,7,0,17.0
48,8,0,17.0
48,9,0,17.0
48,10,0,17.0
48,11,0,17.0
48,12,0,17.0
48,13,0,17.0
48,14,0,17.0
48,15,0,17.0
48,16,0,17.0
48,17,0,17.0
48,18,0,17.0
48,19,0,17.0
48,20,0,17.0
48,21,0,17.0
48,22,0,17.0
48,23,0,17.0
48,24,0,17.0
48,25,0,17.0
48,26,0,17.0
48,27,0,17.0
48,28,0,17.0
48,29,0,17.0
48,30,0,17.0
48,31,0,17.0
48,32,0,17.0
48,33,0,17.0
48,34,0,17.0
48,35,0,17.0
48,36,0,17.0
48,37,0,17.0
48,38,0,17.0
48,39,0,17.0
48,40,0,17.0
48,41,0,17.0
48,42,0,17.0
48,43,0,17.0
48,44,0,17.0
48,45,0,17.0
48,46,0,17.0
48,47,0,17.0
48,48,0,17.0
48,49,0,17.0
48,50,0,17.0
48,51,0,17.0
48,52,0,17.0
48,53,0,17.0
48,54,0,17.0
48,55,0,17.0
48,56,0,17.0
48,57,0,17.0
48,58,0,17.0
48,59,0,17.0
48,60,0,17.0
48,61,0,17.0
48,62,0,17.0
48,63,0,17.0
48,64,0,17.0
48,65,0,17.0
48,66,0,17.0
48,67,0,17.0
48,68,0,17.0
48,69,0,17.0
48,70,0,17.0
48,71,0,17.0
48,72,0,17.0
48,73,0,17.0
48,74,0,17.0
48,75,0,17.0
48,76,0,17.0
48,77,0,17.0
48,78,0,17.0
48,79,0,17.0
48,80,0,17.0
48,81,0,17.0
48,82,0,17.0
48,83,0,17.0
48,84,0,17.0
48,85,0,17.0
48,86,0,17.0
48,87,0,17.0
48,88,0,17.0
48,89,0,17.0
48,90,0,17.0
48,91,0,17.0
48,92,0,17.0
48,93,0,17.0
48,94,0,17.0
48,95,0,17.0
48,96,0,17.0
48,97,0,17.0
48,98,0,17.0
48,99,0,17.0
49,0,1,5.0
49,1,1,0.0
49,2,1,5.0
49,3,1,5.0
49,4,1,5.0
49,5,1,0.0
49,6,1,0.0
49,7,1,5.0
49,8,1,5.0
49,9,1,0.0
49,10,1,0.0
49,11,0,17.0
49,12,0,17.0
49,13,0,17.0
49,14,0,17.0
49,15,0,17.0
49,16,0,17.0
49,17,0,17.0
49,18,0,17.0
49,19,0,17.0
49,20,0,17.0
49,21,0,17.0
49,22,0,17.0
49,23,0,17.0
49,24,0,17.0
49,25,0,17.0
49,26,0,17.0
49,27,0,17.0
49,28,0,17.0
49,29,0,17.0
49,30,0,17.0
49,31,0,17.0
49,32,0,17.0
49,33,0,17.0
49,34,0,17.0
49,35,0,17.0
49,36,0,17.0
49,37,0,17.0
49,38,0,17.0
49,39,0,17.0
49,40,0,17.0
49,41,0,17.0
49,42,0,17.0
49,43,0,17.0
49,44,0,17.0
49,45,0,17.0
49,46,0,17.0
49,47,0,17.0
49,48,0,17.0
49,49,0,17.0
49,50,0,17.0
49,51,0,17.0
49,52,0,17.0
49,53,0,17.0
49,54,0,17.0
49,55,0,17.0
49,56,0,17.0
49,57,0,17.0
49,58,0,17.0
49,59,0,17.0
49,60,0,17.0
49,61,0,17.0
49,62,0,17.0
49,63,0,17.0
49,64,0,17.0
49,65,0,17.0
49,66,0,17.0
49,67,0,17.0
49,68,0,17.0
49,69,0,17.0
49,70,0,17.0
49,71,0,17.0
49,72,0,17.0
49,73,0,17.0
49,74,0,17.0
49,75,0,17.0
49,76,0,17.0
49,77,0,17.0
49,78,0,17.0
49,79,0,17.0
49,80,0,17.0
49,81,0,17.0
49,82,0,17.0
49,83,0,17.0
49,84,0,17.0
49,85,0,17.0
49,86,0,17.0
49,87,0,17.0
49,88,0,17.0
49,89,0,17.0
49,90,0,17.0
49,91,0,17.0
49,92,0,17.0
49,93,0,17.0
49,94,0,17.0
49,95,0,17.0
49,96,0,17.0
49,97,0,17.0
49,98,0,17.0
49,99,0,17.0
