ID,round,choice,reward
0,0,0,2
0,1,0,2
0,2,0,2
0,3,0,2
0,4,0,2
0,5,1,10
0,6,0,2
0,7,0,2
0,8,1,10
0,9,0,2
0,10,0,2
0,11,0,2
0,12,0,2
0,13,0,2
0,14,1,10
0,15,0,2
0,16,1,10
0,17,1,10
0,18,1,10
0,19,0,2
0,20,0,2
0,21,1,10
0,22,1,10
0,23,1,10
0,24,1,0
0,25,0,2
0,26,1,10
0,27,0,2
0,28,1,10
0,29,1,10
0,30,0,2
0,31,0,2
0,32,1,10
0,33,0,2
0,34,0,2
0,35,1,10
0,36,1,10
0,37,0,2
0,38,0,2
0,39,1,10
0,40,1,10
0,41,1,10
0,42,0,2
0,43,0,2
0,44,0,2
0,45,0,2
0,46,0,2
0,47,0,2
0,48,1,10
0,49,0,2
0,50,0,2
0,51,0,2
0,52,1,10
0,53,0,2
0,54,0,2
0,55,0,2
0,56,1,10
0,57,1,10
0,58,1,10
0,59,1,10
0,60,1,10
0,61,0,2
0,62,1,10
0,63,1,10
0,64,1,10
0,65,1,10
0,66,1,10
0,67,1,10
0,68,1,10
0,69,1,0
0,70,0,2
0,71,0,2
0,72,0,2
0,73,1,10
0,74,1,0
0,75,1,10
0,76,1,10
0,77,1,10
0,78,0,2
0,79,0,2
0,80,1,10
0,81,1,10
0,82,1,10
0,83,0,2
0,84,0,2
0,85,0,2
0,86,1,0
0,87,1,10
0,88,0,2
0,89,1,10
0,90,0,2
0,91,0,2
0,92,1,10
0,93,1,10
0,94,0,2
0,95,0,2
0,96,0,2
0,97,1,0
0,98,0,2
0,99,0,2
1,0,1,10
1,1,1,10
1,2,1,10
1,3,0,2
1,4,1,0
1,5,0,2
1,6,0,2
1,7,1,10
1,8,0,2
1,9,1,10
1,10,1,10
1,11,1,10
1,12,1,10
1,13,1,10
1,14,1,10
1,15,1,10
1,16,1,0
1,17,0,2
1,18,1,10
1,19,1,10
1,20,1,10
1,21,1,10
1,22,0,2
1,23,1,0
1,24,0,2
1,25,0,2
1,26,1,10
1,27,1,10
1,28,1,10
1,29,1,10
1,30,1,10
1,31,1,10
1,32,1,0
1,33,1,10
1,34,1,10
1,35,1,10
1,36,1,10
1,37,0,2
1,38,1,0
1,39,0,2
1,40,0,2
1,41,0,2
1,42,0,2
1,43,0,2
1,44,0,2
1,45,1,10
1,46,1,10
1,47,1,10
1,48,1,10
1,49,1,10
1,50,1,10
1,51,1,10
1,52,1,10
1,53,1,10
1,54,0,2
1,55,0,2
1,56,1,10
1,57,1,10
1,58,1,10
1,59,1,10
1,60,1,10
1,61,1,10
1,62,1,10
1,63,1,10
1,64,1,10
1,65,0,2
1,66,0,2
1,67,0,2
1,68,0,2
1,69,1,10
1,70,1,10
1,71,0,2
1,72,1,10
1,73,1,10
1,74,0,2
1,75,0,2
1,76,0,2
1,77,0,2
1,78,0,2
1,79,0,2
1,80,1,10
1,81,0,2
1,82,0,2
1,83,1,0
1,84,0,2
1,85,1,10
1,86,1,10
1,87,1,10
1,88,0,2
1,89,0,2
1,90,0,2
1,91,0,2
1,92,0,2
1,93,1,0
1,94,1,10
1,95,0,2
1,96,0,2
1,97,1,10
1,98,1,0
1,99,1,10
2,0,1,10
2,1,1,10
2,2,1,10
2,3,0,2
2,4,1,10
2,5,1,10
2,6,0,2
2,7,0,2
2,8,1,0
2,9,1,10
2,10,1,10
2,11,1,10
2,12,0,2
2,13,0,2
2,14,1,10
2,15,1,10
2,16,0,2
2,17,1,10
2,18,1,10
2,19,1,10
2,20,1,10
2,21,1,0
2,22,0,2
2,23,1,0
2,24,1,10
2,25,1,10
2,26,1,10
2,27,1,10
2,28,1,10
2,29,1,0
2,30,1,10
2,31,1,10
2,32,1,10
2,33,1,10
2,34,1,10
2,35,1,10
2,36,0,2
2,37,1,10
2,38,1,10
2,39,0,2
2,40,0,2
2,41,0,2
2,42,0,2
2,43,0,2
2,44,1,0
2,45,0,2
2,46,0,2
2,47,1,10
2,48,0,2
2,49,1,10
2,50,1,10
2,51,1,10
2,52,0,2
2,53,1,10
2,54,1,10
2,55,1,0
2,56,1,10
2,57,0,2
2,58,1,10
2,59,0,2
2,60,0,2
2,61,1,10
2,62,1,10
2,63,1,0
2,64,1,10
2,65,0,2
2,66,0,2
2,67,0,2
2,68,0,2
2,69,0,2
2,70,0,2
2,71,1,10
2,72,1,10
2,73,1,10
2,74,1,10
2,75,1,10
2,76,1,10
2,77,0,2
2,78,0,2
2,79,1,10
2,80,1,10
2,81,1,10
2,82,0,2
2,83,1,0
2,84,1,10
2,85,1,10
2,86,1,0
2,87,0,2
2,88,1,0
2,89,1,10
2,90,1,10
2,91,0,2
2,92,1,10
2,93,1,10
2,94,0,2
2,95,1,10
2,96,0,2
2,97,0,2
2,98,1,10
2,99,1,0
3,0,0,2
3,1,0,2
3,2,1,10
3,3,0,2
3,4,0,2
3,5,0,2
3,6,0,2
3,7,0,2
3,8,0,2
3,9,1,10
3,10,1,10
3,11,1,10
3,12,0,2
3,13,0,2
3,14,1,10
3,15,1,10
3,16,0,2
3,17,1,10
3,18,0,2
3,19,1,10
3,20,1,10
3,21,1,10
3,22,0,2
3,23,1,10
3,24,1,0
3,25,0,2
3,26,0,2
3,27,0,2
3,28,0,2
3,29,1,10
3,30,1,10
3,31,0,2
3,32,0,2
3,33,1,10
3,34,1,10
3,35,1,10
3,36,0,2
3,37,0,2
3,38,1,10
3,39,1,10
3,40,1,10
3,41,1,10
3,42,1,10
3,43,1,10
3,44,1,10
3,45,1,10
3,46,1,10
3,47,1,10
3,48,1,10
3,49,0,2
3,50,1,10
3,51,1,10
3,52,1,0
3,53,1,10
3,54,1,0
3,55,1,10
3,56,0,2
3,57,1,10
3,58,1,10
3,59,1,10
3,60,1,10
3,61,0,2
3,62,0,2
3,63,0,2
3,64,1,10
3,65,1,10
3,66,1,10
3,67,1,10
3,68,1,10
3,69,1,10
3,70,1,10
3,71,1,10
3,72,1,10
3,73,0,2
3,74,1,10
3,75,1,0
3,76,1,10
3,77,1,10
3,78,1,10
3,79,0,2
3,80,1,10
3,81,0,2
3,82,0,2
3,83,1,10
3,84,1,10
3,85,1,10
3,86,1,10
3,87,1,10
3,88,1,10
3,89,0,2
3,90,1,0
3,91,1,10
3,92,1,10
3,93,1,10
3,94,0,2
3,95,1,10
3,96,1,10
3,97,1,10
3,98,1,10
3,99,1,10
4,0,0,2
4,1,0,2
4,2,0,2
4,3,0,2
4,4,0,2
4,5,1,10
4,6,1,10
4,7,1,10
4,8,0,2
4,9,1,10
4,10,1,10
4,11,1,10
4,12,0,2
4,13,1,10
4,14,1,10
4,15,0,2
4,16,1,10
4,17,1,10
4,18,1,10
4,19,1,10
4,20,1,10
4,21,1,10
4,22,1,10
4,23,1,10
4,24,1,10
4,25,0,2
4,26,1,10
4,27,0,2
4,28,1,10
4,29,1,10
4,30,1,10
4,31,1,10
4,32,1,10
4,33,1,10
4,34,1,10
4,35,1,0
4,36,1,10
4,37,0,2
4,38,0,2
4,39,0,2
4,40,0,2
4,41,1,10
4,42,1,10
4,43,1,10
4,44,0,2
4,45,1,0
4,46,0,2
4,47,1,10
4,48,1,10
4,49,1,10
4,50,0,2
4,51,1,10
4,52,1,10
4,53,1,10
4,54,0,2
4,55,0,2
4,56,1,10
4,57,0,2
4,58,0,2
4,59,1,0
4,60,1,10
4,61,0,2
4,62,1,10
4,63,0,2
4,64,0,2
4,65,0,2
4,66,1,10
4,67,0,2
4,68,1,10
4,69,1,10
4,70,1,10
4,71,0,2
4,72,1,10
4,73,1,10
4,74,1,10
4,75,1,10
4,76,1,10
4,77,1,10
4,78,1,10
4,79,0,2
4,80,0,2
4,81,1,10
4,82,0,2
4,83,0,2
4,84,0,2
4,85,1,10
4,86,1,10
4,87,0,2
4,88,1,10
4,89,1,10
4,90,1,10
4,91,0,2
4,92,1,10
4,93,1,10
4,94,1,10
4,95,1,0
4,96,1,10
4,97,1,10
4,98,0,2
4,99,0,2
5,0,0,2
5,1,0,2
5,2,0,2
5,3,1,0
5,4,1,10
5,5,1,10
5,6,1,10
5,7,1,10
5,8,1,10
5,9,1,10
5,10,1,10
5,11,1,10
5,12,1,10
5,13,1,10
5,14,0,2
5,15,0,2
5,16,0,2
5,17,1,10
5,18,1,10
5,19,1,10
5,20,1,10
5,21,1,10
5,22,0,2
5,23,0,2
5,24,1,10
5,25,0,2
5,26,0,2
5,27,0,2
5,28,0,2
5,29,0,2
5,30,0,2
5,31,1,10
5,32,0,2
5,33,1,10
5,34,1,10
5,35,0,2
5,36,0,2
5,37,1,10
5,38,0,2
5,39,0,2
5,40,0,2
5,41,0,2
5,42,0,2
5,43,0,2
5,44,1,10
5,45,1,10
5,46,1,10
5,47,1,10
5,48,1,10
5,49,1,10
5,50,1,10
5,51,1,10
5,52,1,10
5,53,1,10
5,54,0,2
5,55,0,2
5,56,0,2
5,57,0,2
5,58,1,10
5,59,0,2
5,60,0,2
5,61,1,10
5,62,1,10
5,63,0,2
5,64,0,2
5,65,0,2
5,66,1,10
5,67,0,2
5,68,1,10
5,69,0,2
5,70,0,2
5,71,1,10
5,72,0,2
5,73,1,10
5,74,1,10
5,75,0,2
5,76,0,2
5,77,0,2
5,78,1,10
5,79,0,2
5,80,1,10
5,81,0,2
5,82,0,2
5,83,1,10
5,84,1,10
5,85,0,2
5,86,1,10
5,87,1,10
5,88,1,10
5,89,0,2
5,90,0,2
5,91,0,2
5,92,1,10
5,93,0,2
5,94,0,2
5,95,1,10
5,96,1,10
5,97,1,10
5,98,1,10
5,99,1,10
6,0,0,2
6,1,1,10
6,2,1,10
6,3,1,10
6,4,1,10
6,5,1,10
6,6,0,2
6,7,1,10
6,8,1,10
6,9,0,2
6,10,0,2
6,11,1,10
6,12,0,2
6,13,1,10
6,14,0,2
6,15,0,2
6,16,1,10
6,17,1,10
6,18,1,10
6,19,1,10
6,20,1,10
6,21,1,10
6,22,1,10
6,23,1,10
6,24,1,10
6,25,0,2
6,26,0,2
6,27,1,10
6,28,1,10
6,29,1,10
6,30,1,10
6,31,1,10
6,32,0,2
6,33,0,2
6,34,0,2
6,35,0,2
6,36,1,10
6,37,1,10
6,38,1,10
6,39,1,10
6,40,1,10
6,41,1,10
6,42,0,2
6,43,0,2
6,44,0,2
6,45,1,10
6,46,1,10
6,47,0,2
6,48,0,2
6,49,0,2
6,50,1,10
6,51,1,10
6,52,1,10
6,53,1,10
6,54,1,10
6,55,1,10
6,56,1,10
6,57,1,10
6,58,0,2
6,59,0,2
6,60,0,2
6,61,0,2
6,62,1,10
6,63,1,10
6,64,1,10
6,65,1,10
6,66,1,10
6,67,0,2
6,68,0,2
6,69,0,2
6,70,1,10
6,71,1,10
6,72,1,10
6,73,1,0
6,74,1,10
6,75,0,2
6,76,1,10
6,77,1,10
6,78,1,10
6,79,1,10
6,80,1,10
6,81,0,2
6,82,0,2
6,83,0,2
6,84,1,10
6,85,1,10
6,86,1,10
6,87,1,10
6,88,0,2
6,89,1,10
6,90,1,10
6,91,1,10
6,92,1,10
6,93,0,2
6,94,0,2
6,95,0,2
6,96,1,10
6,97,1,10
6,98,1,10
6,99,1,10
7,0,0,2
7,1,1,10
7,2,1,10
7,3,1,10
7,4,1,10
7,5,0,2
7,6,1,10
7,7,0,2
7,8,1,10
7,9,1,0
7,10,0,2
7,11,0,2
7,12,0,2
7,13,1,10
7,14,0,2
7,15,0,2
7,16,0,2
7,17,0,2
7,18,1,10
7,19,1,10
7,20,0,2
7,21,0,2
7,22,1,0
7,23,1,10
7,24,0,2
7,25,1,10
7,26,1,10
7,27,1,10
7,28,1,10
7,29,1,10
7,30,1,10
7,31,0,2
7,32,0,2
7,33,1,10
7,34,1,10
7,35,1,10
7,36,1,10
7,37,1,10
7,38,1,10
7,39,0,2
7,40,0,2
7,41,0,2
7,42,0,2
7,43,1,10
7,44,0,2
7,45,0,2
7,46,1,10
7,47,1,10
7,48,1,10
7,49,0,2
7,50,0,2
7,51,0,2
7,52,0,2
7,53,0,2
7,54,0,2
7,55,0,2
7,56,0,2
7,57,1,10
7,58,1,10
7,59,1,10
7,60,0,2
7,61,0,2
7,62,0,2
7,63,0,2
7,64,0,2
7,65,0,2
7,66,1,10
7,67,1,10
7,68,1,10
7,69,1,10
7,70,1,10
7,71,0,2
7,72,1,10
7,73,1,10
7,74,1,10
7,75,1,10
7,76,1,10
7,77,1,0
7,78,0,2
7,79,0,2
7,80,1,10
7,81,0,2
7,82,1,10
7,83,1,0
7,84,1,0
7,85,1,10
7,86,1,10
7,87,1,10
7,88,1,10
7,89,1,10
7,90,1,10
7,91,0,2
7,92,0,2
7,93,1,10
7,94,1,10
7,95,1,10
7,96,1,10
7,97,0,2
7,98,0,2
7,99,0,2
8,0,1,10
8,1,1,10
8,2,0,2
8,3,1,10
8,4,1,10
8,5,1,10
8,6,1,10
8,7,1,10
8,8,1,10
8,9,1,10
8,10,0,2
8,11,0,2
8,12,1,10
8,13,1,10
8,14,1,10
8,15,0,2
8,16,1,10
8,17,0,2
8,18,0,2
8,19,1,0
8,20,1,10
8,21,0,2
8,22,1,10
8,23,1,0
8,24,0,2
8,25,0,2
8,26,0,2
8,27,0,2
8,28,1,10
8,29,0,2
8,30,0,2
8,31,1,10
8,32,1,10
8,33,0,2
8,34,0,2
8,35,1,10
8,36,1,0
8,37,0,2
8,38,0,2
8,39,1,0
8,40,0,2
8,41,0,2
8,42,0,2
8,43,1,10
8,44,1,10
8,45,1,10
8,46,1,10
8,47,1,10
8,48,0,2
8,49,1,10
8,50,1,10
8,51,0,2
8,52,1,10
8,53,1,10
8,54,1,10
8,55,1,10
8,56,1,10
8,57,1,10
8,58,0,2
8,59,1,10
8,60,1,10
8,61,0,2
8,62,1,10
8,63,1,10
8,64,0,2
8,65,1,10
8,66,1,10
8,67,1,10
8,68,1,10
8,69,0,2
8,70,1,10
8,71,1,10
8,72,1,10
8,73,1,10
8,74,1,10
8,75,0,2
8,76,1,10
8,77,1,10
8,78,1,10
8,79,0,2
8,80,0,2
8,81,0,2
8,82,0,2
8,83,0,2
8,84,0,2
8,85,0,2
8,86,0,2
8,87,0,2
8,88,0,2
8,89,0,2
8,90,0,2
8,91,0,2
8,92,0,2
8,93,0,2
8,94,0,2
8,95,1,10
8,96,0,2
8,97,0,2
8,98,0,2
8,99,0,2
9,0,0,2
9,1,0,2
9,2,0,2
9,3,0,2
9,4,0,2
9,5,0,2
9,6,0,2
9,7,1,10
9,8,1,10
9,9,1,10
9,10,1,10
9,11,0,2
9,12,0,2
9,13,0,2
9,14,0,2
9,15,0,2
9,16,0,2
9,17,0,2
9,18,0,2
9,19,0,2
9,20,1,10
9,21,1,10
9,22,0,2
9,23,0,2
9,24,0,2
9,25,0,2
9,26,1,10
9,27,1,10
9,28,0,2
9,29,1,10
9,30,0,2
9,31,0,2
9,32,0,2
9,33,0,2
9,34,1,0
9,35,1,10
9,36,0,2
9,37,1,10
9,38,1,10
9,39,1,10
9,40,1,10
9,41,1,10
9,42,1,10
9,43,1,10
9,44,1,10
9,45,1,10
9,46,1,10
9,47,1,10
9,48,0,2
9,49,0,2
9,50,0,2
9,51,1,10
9,52,1,10
9,53,1,10
9,54,0,2
9,55,0,2
9,56,0,2
9,57,0,2
9,58,0,2
9,59,1,10
9,60,1,10
9,61,1,10
9,62,0,2
9,63,0,2
9,64,0,2
9,65,1,10
9,66,0,2
9,67,1,10
9,68,1,10
9,69,1,10
9,70,1,10
9,71,0,2
9,72,0,2
9,73,1,10
9,74,1,10
9,75,0,2
9,76,0,2
9,77,1,10
9,78,0,2
9,79,0,2
9,80,0,2
9,81,0,2
9,82,1,10
9,83,1,0
9,84,0,2
9,85,1,10
9,86,1,10
9,87,1,10
9,88,1,10
9,89,0,2
9,90,0,2
9,91,0,2
9,92,0,2
9,93,0,2
9,94,1,10
9,95,1,10
9,96,0,2
9,97,1,10
9,98,0,2
9,99,1,10
10,0,0,2
10,1,1,10
10,2,0,2
10,3,0,2
10,4,1,0
10,5,0,2
10,6,1,10
10,7,0,2
10,8,1,10
10,9,1,10
10,10,1,10
10,11,1,0
10,12,0,2
10,13,0,2
10,14,1,10
10,15,1,0
10,16,0,2
10,17,0,2
10,18,1,10
10,19,0,2
10,20,1,10
10,21,1,10
10,22,1,10
10,23,0,2
10,24,1,10
10,25,1,10
10,26,0,2
10,27,1,0
10,28,0,2
10,29,1,10
10,30,0,2
10,31,1,10
10,32,1,10
10,33,1,10
10,34,1,10
10,35,1,10
10,36,1,10
10,37,0,2
10,38,0,2
10,39,1,10
10,40,1,10
10,41,1,10
10,42,0,2
10,43,1,10
10,44,0,2
10,45,1,10
10,46,1,10
10,47,1,10
10,48,1,10
10,49,1,10
10,50,0,2
10,51,0,2
10,52,1,10
10,53,0,2
10,54,1,10
10,55,1,10
10,56,0,2
10,57,1,10
10,58,1,10
10,59,1,10
10,60,1,10
10,61,0,2
10,62,0,2
10,63,1,10
10,64,0,2
10,65,0,2
10,66,0,2
10,67,0,2
10,68,1,10
10,69,1,10
10,70,0,2
10,71,1,10
10,72,1,10
10,73,0,2
10,74,1,10
10,75,1,10
10,76,1,10
10,77,0,2
10,78,0,2
10,79,1,10
10,80,1,10
10,81,1,10
10,82,1,10
10,83,1,10
10,84,0,2
10,85,1,10
10,86,1,0
10,87,0,2
10,88,0,2
10,89,1,10
10,90,1,10
10,91,0,2
10,92,0,2
10,93,1,10
10,94,1,10
10,95,0,2
10,96,1,0
10,97,1,0
10,98,1,10
10,99,0,2
11,0,0,2
11,1,0,2
11,2,0,2
11,3,0,2
11,4,0,2
11,5,0,2
11,6,0,2
11,7,0,2
11,8,1,10
11,9,1,10
11,10,0,2
11,11,0,2
11,12,1,10
11,13,0,2
11,14,0,2
11,15,1,10
11,16,0,2
11,17,0,2
11,18,0,2
11,19,1,10
11,20,0,2
11,21,1,10
11,22,1,10
11,23,1,10
11,24,1,10
11,25,1,10
11,26,1,10
11,27,0,2
11,28,0,2
11,29,0,2
11,30,0,2
11,31,0,2
11,32,0,2
11,33,0,2
11,34,1,10
11,35,1,10
11,36,0,2
11,37,0,2
11,38,0,2
11,39,0,2
11,40,0,2
11,41,0,2
11,42,0,2
11,43,1,10
11,44,0,2
11,45,1,10
11,46,0,2
11,47,0,2
11,48,0,2
11,49,0,2
11,50,0,2
11,51,1,10
11,52,1,10
11,53,1,10
11,54,1,10
11,55,1,10
11,56,1,10
11,57,1,10
11,58,1,10
11,59,1,10
11,60,1,10
11,61,1,0
11,62,0,2
11,63,1,10
11,64,1,10
11,65,1,10
11,66,1,10
11,67,1,10
11,68,1,10
11,69,0,2
11,70,0,2
11,71,0,2
11,72,0,2
11,73,0,2
11,74,0,2
11,75,0,2
11,76,1,10
11,77,0,2
11,78,1,10
11,79,0,2
11,80,1,10
11,81,0,2
11,82,1,10
11,83,1,10
11,84,1,0
11,85,0,2
11,86,0,2
11,87,0,2
11,88,1,10
11,89,1,10
11,90,1,10
11,91,1,10
11,92,1,10
11,93,1,0
11,94,1,10
11,95,1,10
11,96,1,10
11,97,0,2
11,98,0,2
11,99,1,10
12,0,0,2
12,1,1,10
12,2,1,10
12,3,1,10
12,4,1,10
12,5,1,10
12,6,1,10
12,7,1,10
12,8,1,10
12,9,1,10
12,10,1,10
12,11,1,10
12,12,0,2
12,13,0,2
12,14,1,10
12,15,1,10
12,16,1,0
12,17,0,2
12,18,0,2
12,19,0,2
12,20,1,10
12,21,0,2
12,22,1,10
12,23,0,2
12,24,1,10
12,25,0,2
12,26,0,2
12,27,0,2
12,28,0,2
12,29,1,10
12,30,1,10
12,31,1,10
12,32,1,0
12,33,1,0
12,34,1,10
12,35,1,10
12,36,1,10
12,37,1,0
12,38,1,10
12,39,0,2
12,40,1,10
12,41,0,2
12,42,1,10
12,43,1,10
12,44,1,10
12,45,1,10
12,46,1,10
12,47,1,10
12,48,1,10
12,49,1,10
12,50,1,10
12,51,1,10
12,52,1,10
12,53,0,2
12,54,0,2
12,55,1,10
12,56,0,2
12,57,1,10
12,58,0,2
12,59,1,10
12,60,0,2
12,61,1,10
12,62,1,10
12,63,1,10
12,64,1,10
12,65,0,2
12,66,0,2
12,67,0,2
12,68,1,10
12,69,1,10
12,70,1,10
12,71,1,10
12,72,1,10
12,73,1,10
12,74,1,10
12,75,1,10
12,76,0,2
12,77,0,2
12,78,1,10
12,79,0,2
12,80,1,10
12,81,1,10
12,82,1,10
12,83,1,10
12,84,0,2
12,85,1,10
12,86,1,10
12,87,1,10
12,88,1,10
12,89,1,10
12,90,1,10
12,91,1,10
12,92,1,10
12,93,1,10
12,94,1,10
12,95,0,2
12,96,0,2
12,97,1,10
12,98,0,2
12,99,0,2
13,0,0,2
13,1,0,2
13,2,1,10
13,3,0,2
13,4,1,10
13,5,0,2
13,6,1,0
13,7,1,10
13,8,0,2
13,9,0,2
13,10,1,10
13,11,1,10
13,12,0,2
13,13,1,10
13,14,1,10
13,15,1,10
13,16,1,0
13,17,1,10
13,18,0,2
13,19,1,10
13,20,0,2
13,21,0,2
13,22,0,2
13,23,1,10
13,24,1,10
13,25,0,2
13,26,0,2
13,27,0,2
13,28,1,10
13,29,1,10
13,30,1,10
13,31,0,2
13,32,0,2
13,33,0,2
13,34,1,10
13,35,1,10
13,36,1,10
13,37,1,10
13,38,0,2
13,39,0,2
13,40,0,2
13,41,0,2
13,42,0,2
13,43,0,2
13,44,0,2
13,45,0,2
13,46,0,2
13,47,1,10
13,48,1,10
13,49,1,0
13,50,1,0
13,51,1,10
13,52,0,2
13,53,0,2
13,54,0,2
13,55,1,0
13,56,0,2
13,57,1,10
13,58,0,2
13,59,1,10
13,60,1,10
13,61,1,10
13,62,1,10
13,63,1,10
13,64,1,10
13,65,1,10
13,66,1,10
13,67,1,10
13,68,1,10
13,69,1,10
13,70,1,10
13,71,1,10
13,72,1,10
13,73,1,10
13,74,1,10
13,75,0,2
13,76,1,10
13,77,1,10
13,78,0,2
13,79,0,2
13,80,1,10
13,81,1,10
13,82,0,2
13,83,0,2
13,84,0,2
13,85,0,2
13,86,0,2
13,87,0,2
13,88,0,2
13,89,0,2
13,90,1,0
13,91,1,0
13,92,1,0
13,93,0,2
13,94,0,2
13,95,0,2
13,96,1,10
13,97,0,2
13,98,1,0
13,99,0,2
14,0,1,10
14,1,1,10
14,2,1,0
14,3,1,10
14,4,0,2
14,5,1,0
14,6,0,2
14,7,0,2
14,8,0,2
14,9,0,2
14,10,1,10
14,11,0,2
14,12,1,10
14,13,1,10
14,14,0,2
14,15,0,2
14,16,0,2
14,17,1,10
14,18,1,10
14,19,1,10
14,20,1,10
14,21,1,10
14,22,0,2
14,23,1,10
14,24,0,2
14,25,1,10
14,26,0,2
14,27,0,2
14,28,1,10
14,29,1,10
14,30,1,10
14,31,1,10
14,32,1,10
14,33,1,10
14,34,1,10
14,35,1,10
14,36,1,10
14,37,1,10
14,38,1,10
14,39,1,10
14,40,0,2
14,41,0,2
14,42,1,10
14,43,0,2
14,44,0,2
14,45,1,10
14,46,1,10
14,47,1,10
14,48,1,10
14,49,1,10
14,50,0,2
14,51,0,2
14,52,1,10
14,53,1,10
14,54,1,10
14,55,1,10
14,56,1,10
14,57,1,10
14,58,1,10
14,59,1,10
14,60,0,2
14,61,0,2
14,62,0,2
14,63,0,2
14,64,0,2
14,65,0,2
14,66,0,2
14,67,0,2
14,68,1,10
14,69,0,2
14,70,0,2
14,71,0,2
14,72,0,2
14,73,1,0
14,74,0,2
14,75,0,2
14,76,0,2
14,77,0,2
14,78,1,10
14,79,1,10
14,80,1,0
14,81,1,10
14,82,1,0
14,83,0,2
14,84,0,2
14,85,0,2
14,86,0,2
14,87,1,10
14,88,0,2
14,89,0,2
14,90,1,10
14,91,1,10
14,92,1,10
14,93,1,10
14,94,0,2
14,95,1,10
14,96,1,10
14,97,1,10
14,98,1,10
14,99,1,10
15,0,0,2
15,1,1,10
15,2,1,10
15,3,1,10
15,4,1,10
15,5,1,10
15,6,1,10
15,7,1,10
15,8,1,10
15,9,0,2
15,10,0,2
15,11,1,10
15,12,1,10
15,13,1,10
15,14,1,10
15,15,1,10
15,16,1,10
15,17,1,10
15,18,0,2
15,19,1,10
15,20,1,10
15,21,1,10
15,22,1,10
15,23,0,2
15,24,0,2
15,25,1,10
15,26,1,10
15,27,1,10
15,28,1,10
15,29,1,10
15,30,1,10
15,31,0,2
15,32,1,10
15,33,1,10
15,34,1,10
15,35,1,10
15,36,1,10
15,37,1,0
15,38,1,10
15,39,1,10
15,40,1,10
15,41,1,10
15,42,1,10
15,43,0,2
15,44,0,2
15,45,1,10
15,46,1,10
15,47,0,2
15,48,1,10
15,49,0,2
15,50,0,2
15,51,0,2
15,52,0,2
15,53,1,10
15,54,1,10
15,55,1,10
15,56,0,2
15,57,0,2
15,58,0,2
15,59,1,0
15,60,1,10
15,61,1,10
15,62,1,10
15,63,0,2
15,64,1,10
15,65,0,2
15,66,0,2
15,67,1,10
15,68,1,10
15,69,1,10
15,70,1,0
15,71,0,2
15,72,1,10
15,73,1,10
15,74,1,10
15,75,1,0
15,76,0,2
15,77,1,10
15,78,1,10
15,79,0,2
15,80,0,2
15,81,0,2
15,82,0,2
15,83,0,2
15,84,1,10
15,85,1,10
15,86,1,10
15,87,0,2
15,88,0,2
15,89,1,10
15,90,1,10
15,91,1,10
15,92,1,10
15,93,1,10
15,94,1,10
15,95,1,10
15,96,1,0
15,97,1,10
15,98,1,10
15,99,1,10
16,0,0,2
16,1,0,2
16,2,1,0
16,3,1,10
16,4,0,2
16,5,0,2
16,6,1,0
16,7,0,2
16,8,1,10
16,9,1,10
16,10,1,10
16,11,1,10
16,12,1,10
16,13,1,10
16,14,1,10
16,15,1,10
16,16,1,10
16,17,0,2
16,18,1,10
16,19,0,2
16,20,1,10
16,21,1,10
16,22,1,10
16,23,1,10
16,24,0,2
16,25,1,10
16,26,1,10
16,27,0,2
16,28,0,2
16,29,1,10
16,30,1,10
16,31,1,10
16,32,1,10
16,33,1,10
16,34,1,10
16,35,0,2
16,36,1,10
16,37,1,10
16,38,0,2
16,39,0,2
16,40,0,2
16,41,1,10
16,42,1,10
16,43,1,10
16,44,1,10
16,45,1,10
16,46,1,10
16,47,1,0
16,48,0,2
16,49,1,0
16,50,0,2
16,51,0,2
16,52,1,10
16,53,0,2
16,54,1,10
16,55,1,10
16,56,1,10
16,57,0,2
16,58,1,10
16,59,1,10
16,60,1,0
16,61,1,0
16,62,0,2
16,63,1,10
16,64,1,10
16,65,1,0
16,66,1,0
16,67,1,10
16,68,1,10
16,69,1,10
16,70,1,10
16,71,1,0
16,72,0,2
16,73,1,10
16,74,1,0
16,75,1,10
16,76,0,2
16,77,1,10
16,78,1,10
16,79,1,10
16,80,1,10
16,81,1,10
16,82,0,2
16,83,0,2
16,84,0,2
16,85,0,2
16,86,1,0
16,87,1,10
16,88,1,10
16,89,1,10
16,90,1,10
16,91,1,10
16,92,1,10
16,93,1,10
16,94,1,10
16,95,0,2
16,96,0,2
16,97,1,10
16,98,1,0
16,99,0,2
17,0,0,2
17,1,1,0
17,2,1,10
17,3,1,10
17,4,1,10
17,5,1,10
17,6,1,10
17,7,1,10
17,8,1,10
17,9,0,2
17,10,1,10
17,11,0,2
17,12,1,10
17,13,0,2
17,14,0,2
17,15,0,2
17,16,0,2
17,17,1,10
17,18,0,2
17,19,1,10
17,20,0,2
17,21,0,2
17,22,0,2
17,23,0,2
17,24,0,2
17,25,0,2
17,26,0,2
17,27,0,2
17,28,1,10
17,29,1,0
17,30,1,10
17,31,0,2
17,32,0,2
17,33,1,10
17,34,1,10
17,35,0,2
17,36,1,10
17,37,1,10
17,38,0,2
17,39,0,2
17,40,1,0
17,41,1,10
17,42,1,10
17,43,1,10
17,44,1,10
17,45,1,10
17,46,1,0
17,47,0,2
17,48,0,2
17,49,0,2
17,50,0,2
17,51,0,2
17,52,0,2
17,53,0,2
17,54,0,2
17,55,1,10
17,56,1,10
17,57,1,10
17,58,1,10
17,59,1,10
17,60,1,10
17,61,1,0
17,62,0,2
17,63,0,2
17,64,0,2
17,65,0,2
17,66,1,10
17,67,0,2
17,68,1,10
17,69,1,10
17,70,0,2
17,71,0,2
17,72,0,2
17,73,0,2
17,74,1,10
17,75,1,10
17,76,1,10
17,77,1,10
17,78,1,10
17,79,1,10
17,80,1,10
17,81,1,10
17,82,0,2
17,83,0,2
17,84,0,2
17,85,1,10
17,86,1,0
17,87,1,0
17,88,1,0
17,89,0,2
17,90,1,10
17,91,1,10
17,92,0,2
17,93,0,2
17,94,1,10
17,95,1,10
17,96,0,2
17,97,0,2
17,98,0,2
17,99,0,2
18,0,0,2
18,1,1,10
18,2,0,2
18,3,1,10
18,4,1,0
18,5,1,10
18,6,1,10
18,7,1,0
18,8,1,10
18,9,1,10
18,10,1,10
18,11,0,2
18,12,0,2
18,13,1,0
18,14,1,10
18,15,1,10
18,16,0,2
18,17,0,2
18,18,0,2
18,19,0,2
18,20,0,2
18,21,0,2
18,22,0,2
18,23,1,10
18,24,1,10
18,25,0,2
18,26,0,2
18,27,1,10
18,28,1,10
18,29,1,10
18,30,1,10
18,31,0,2
18,32,1,10
18,33,1,10
18,34,1,10
18,35,0,2
18,36,1,10
18,37,1,10
18,38,1,10
18,39,0,2
18,40,0,2
18,41,0,2
18,42,1,10
18,43,1,10
18,44,1,10
18,45,1,10
18,46,0,2
18,47,1,10
18,48,1,10
18,49,0,2
18,50,0,2
18,51,0,2
18,52,0,2
18,53,1,10
18,54,1,10
18,55,1,0
18,56,1,10
18,57,1,10
18,58,1,10
18,59,1,10
18,60,1,10
18,61,1,10
18,62,0,2
18,63,0,2
18,64,0,2
18,65,0,2
18,66,1,10
18,67,0,2
18,68,0,2
18,69,1,10
18,70,0,2
18,71,0,2
18,72,0,2
18,73,0,2
18,74,1,10
18,75,1,10
18,76,1,10
18,77,1,10
18,78,1,10
18,79,1,10
18,80,1,10
18,81,0,2
18,82,0,2
18,83,0,2
18,84,1,10
18,85,1,10
18,86,0,2
18,87,0,2
18,88,1,10
18,89,0,2
18,90,0,2
18,91,0,2
18,92,0,2
18,93,0,2
18,94,0,2
18,95,1,10
18,96,0,2
18,97,1,0
18,98,1,10
18,99,0,2
19,0,0,2
19,1,1,10
19,2,1,10
19,3,1,10
19,4,1,10
19,5,1,10
19,6,0,2
19,7,1,0
19,8,0,2
19,9,0,2
19,10,0,2
19,11,1,10
19,12,0,2
19,13,0,2
19,14,0,2
19,15,1,10
19,16,1,10
19,17,1,10
19,18,1,10
19,19,1,10
19,20,1,10
19,21,1,10
19,22,1,10
19,23,1,10
19,24,1,10
19,25,1,10
19,26,1,10
19,27,1,10
19,28,1,10
19,29,0,2
19,30,1,10
19,31,1,10
19,32,1,10
19,33,1,10
19,34,1,0
19,35,0,2
19,36,0,2
19,37,0,2
19,38,1,10
19,39,0,2
19,40,1,10
19,41,1,10
19,42,1,10
19,43,1,10
19,44,1,10
19,45,0,2
19,46,0,2
19,47,1,0
19,48,1,10
19,49,1,10
19,50,1,10
19,51,1,10
19,52,0,2
19,53,0,2
19,54,1,10
19,55,1,10
19,56,1,10
19,57,1,10
19,58,1,10
19,59,1,10
19,60,1,10
19,61,1,10
19,62,1,10
19,63,0,2
19,64,0,2
19,65,0,2
19,66,0,2
19,67,0,2
19,68,1,10
19,69,1,10
19,70,1,10
19,71,1,10
19,72,0,2
19,73,1,10
19,74,1,10
19,75,0,2
19,76,1,10
19,77,1,10
19,78,1,10
19,79,1,10
19,80,1,10
19,81,1,10
19,82,1,10
19,83,1,10
19,84,1,10
19,85,1,10
19,86,1,10
19,87,1,10
19,88,1,10
19,89,1,10
19,90,0,2
19,91,0,2
19,92,1,10
19,93,1,10
19,94,1,10
19,95,0,2
19,96,1,10
19,97,0,2
19,98,0,2
19,99,0,2
20,0,0,2
20,1,1,10
20,2,1,10
20,3,0,2
20,4,1,10
20,5,0,2
20,6,0,2
20,7,1,10
20,8,1,10
20,9,1,10
20,10,1,10
20,11,1,10
20,12,1,10
20,13,0,2
20,14,0,2
20,15,0,2
20,16,1,10
20,17,1,10
20,18,1,10
20,19,1,10
20,20,1,10
20,21,0,2
20,22,1,10
20,23,1,10
20,24,1,0
20,25,1,10
20,26,1,10
20,27,1,10
20,28,1,10
20,29,1,10
20,30,1,0
20,31,1,10
20,32,1,10
20,33,1,10
20,34,1,0
20,35,0,2
20,36,1,10
20,37,0,2
20,38,0,2
20,39,0,2
20,40,1,10
20,41,1,10
20,42,1,10
20,43,0,2
20,44,1,10
20,45,1,10
20,46,0,2
20,47,0,2
20,48,0,2
20,49,0,2
20,50,1,10
20,51,1,10
20,52,1,10
20,53,1,10
20,54,0,2
20,55,0,2
20,56,1,10
20,57,0,2
20,58,0,2
20,59,1,10
20,60,1,10
20,61,1,10
20,62,1,10
20,63,1,10
20,64,1,10
20,65,1,10
20,66,1,10
20,67,1,10
20,68,0,2
20,69,0,2
20,70,0,2
20,71,1,10
20,72,0,2
20,73,1,10
20,74,1,10
20,75,0,2
20,76,1,10
20,77,1,10
20,78,1,10
20,79,1,10
20,80,1,10
20,81,1,10
20,82,1,10
20,83,1,10
20,84,1,10
20,85,1,10
20,86,0,2
20,87,0,2
20,88,0,2
20,89,0,2
20,90,1,10
20,91,1,10
20,92,1,10
20,93,1,10
20,94,1,10
20,95,1,10
20,96,1,10
20,97,1,10
20,98,1,10
20,99,0,2
21,0,0,2
21,1,0,2
21,2,1,10
21,3,0,2
21,4,0,2
21,5,0,2
21,6,1,10
21,7,0,2
21,8,0,2
21,9,0,2
21,10,0,2
21,11,0,2
21,12,1,10
21,13,1,0
21,14,0,2
21,15,1,0
21,16,0,2
21,17,0,2
21,18,1,0
21,19,0,2
21,20,1,10
21,21,1,0
21,22,1,10
21,23,1,10
21,24,1,10
21,25,1,10
21,26,1,10
21,27,0,2
21,28,0,2
21,29,0,2
21,30,0,2
21,31,1,10
21,32,1,10
21,33,0,2
21,34,1,10
21,35,0,2
21,36,0,2
21,37,0,2
21,38,0,2
21,39,0,2
21,40,0,2
21,41,0,2
21,42,0,2
21,43,0,2
21,44,0,2
21,45,1,10
21,46,0,2
21,47,0,2
21,48,0,2
21,49,0,2
21,50,0,2
21,51,1,10
21,52,1,10
21,53,1,10
21,54,0,2
21,55,0,2
21,56,1,10
21,57,1,10
21,58,0,2
21,59,1,10
21,60,1,10
21,61,1,10
21,62,0,2
21,63,1,10
21,64,1,0
21,65,1,10
21,66,1,10
21,67,1,10
21,68,1,10
21,69,1,10
21,70,1,10
21,71,1,10
21,72,1,10
21,73,1,10
21,74,0,2
21,75,1,0
21,76,1,10
21,77,1,0
21,78,1,10
21,79,1,0
21,80,0,2
21,81,1,10
21,82,0,2
21,83,1,10
21,84,0,2
21,85,1,10
21,86,1,10
21,87,1,10
21,88,1,10
21,89,1,10
21,90,1,10
21,91,0,2
21,92,0,2
21,93,0,2
21,94,1,10
21,95,1,10
21,96,1,10
21,97,1,10
21,98,0,2
21,99,1,10
22,0,1,10
22,1,1,0
22,2,0,2
22,3,0,2
22,4,1,10
22,5,1,10
22,6,0,2
22,7,0,2
22,8,0,2
22,9,1,10
22,10,1,10
22,11,1,10
22,12,1,10
22,13,1,0
22,14,1,10
22,15,0,2
22,16,0,2
22,17,1,10
22,18,0,2
22,19,0,2
22,20,0,2
22,21,0,2
22,22,0,2
22,23,0,2
22,24,0,2
22,25,0,2
22,26,0,2
22,27,0,2
22,28,0,2
22,29,1,10
22,30,1,10
22,31,1,10
22,32,1,10
22,33,1,0
22,34,1,10
22,35,0,2
22,36,0,2
22,37,0,2
22,38,1,0
22,39,1,10
22,40,1,10
22,41,1,10
22,42,1,10
22,43,1,10
22,44,1,0
22,45,1,10
22,46,1,10
22,47,1,10
22,48,1,10
22,49,0,2
22,50,0,2
22,51,0,2
22,52,1,10
22,53,1,10
22,54,1,10
22,55,1,10
22,56,1,10
22,57,0,2
22,58,0,2
22,59,1,10
22,60,1,0
22,61,1,10
22,62,1,10
22,63,0,2
22,64,1,10
22,65,1,10
22,66,1,10
22,67,1,10
22,68,1,10
22,69,1,10
22,70,1,10
22,71,1,10
22,72,1,10
22,73,1,10
22,74,0,2
22,75,0,2
22,76,0,2
22,77,1,10
22,78,1,10
22,79,1,10
22,80,1,0
22,81,0,2
22,82,1,10
22,83,0,2
22,84,0,2
22,85,0,2
22,86,0,2
22,87,1,0
22,88,1,10
22,89,0,2
22,90,0,2
22,91,0,2
22,92,1,10
22,93,1,10
22,94,0,2
22,95,0,2
22,96,0,2
22,97,0,2
22,98,0,2
22,99,0,2
23,0,0,2
23,1,1,0
23,2,1,10
23,3,1,10
23,4,1,10
23,5,1,10
23,6,0,2
23,7,1,10
23,8,0,2
23,9,0,2
23,10,0,2
23,11,0,2
23,12,1,10
23,13,1,10
23,14,0,2
23,15,1,10
23,16,1,10
23,17,1,10
23,18,0,2
23,19,1,0
23,20,1,10
23,21,0,2
23,22,1,10
23,23,0,2
23,24,1,10
23,25,0,2
23,26,1,10
23,27,1,10
23,28,1,10
23,29,1,10
23,30,1,10
23,31,0,2
23,32,1,10
23,33,1,10
23,34,0,2
23,35,0,2
23,36,1,10
23,37,1,10
23,38,1,10
23,39,0,2
23,40,1,10
23,41,1,10
23,42,1,10
23,43,1,10
23,44,0,2
23,45,1,10
23,46,1,0
23,47,0,2
23,48,0,2
23,49,1,10
23,50,1,0
23,51,0,2
23,52,0,2
23,53,1,10
23,54,1,10
23,55,1,10
23,56,0,2
23,57,0,2
23,58,0,2
23,59,1,10
23,60,1,10
23,61,1,10
23,62,1,10
23,63,1,10
23,64,0,2
23,65,1,10
23,66,1,10
23,67,0,2
23,68,0,2
23,69,1,10
23,70,1,10
23,71,0,2
23,72,0,2
23,73,1,10
23,74,0,2
23,75,1,0
23,76,0,2
23,77,1,10
23,78,1,10
23,79,1,10
23,80,1,10
23,81,1,10
23,82,0,2
23,83,1,10
23,84,1,10
23,85,1,10
23,86,0,2
23,87,1,0
23,88,0,2
23,89,1,10
23,90,0,2
23,91,0,2
23,92,0,2
23,93,1,10
23,94,1,10
23,95,1,10
23,96,1,10
23,97,1,10
23,98,1,10
23,99,1,10
24,0,1,10
24,1,0,2
24,2,0,2
24,3,1,10
24,4,1,10
24,5,1,10
24,6,1,10
24,7,1,10
24,8,1,10
24,9,1,0
24,10,1,0
24,11,0,2
24,12,0,2
24,13,0,2
24,14,1,10
24,15,1,10
24,16,1,10
24,17,1,10
24,18,0,2
24,19,0,2
24,20,1,10
24,21,1,10
24,22,0,2
24,23,0,2
24,24,0,2
24,25,1,0
24,26,0,2
24,27,1,0
24,28,1,10
24,29,1,10
24,30,1,10
24,31,1,10
24,32,1,10
24,33,0,2
24,34,0,2
24,35,1,10
24,36,1,0
24,37,1,10
24,38,1,10
24,39,1,10
24,40,0,2
24,41,0,2
24,42,1,10
24,43,1,10
24,44,1,10
24,45,1,10
24,46,1,10
24,47,0,2
24,48,0,2
24,49,0,2
24,50,1,10
24,51,1,10
24,52,1,10
24,53,0,2
24,54,1,10
24,55,1,10
24,56,1,10
24,57,0,2
24,58,0,2
24,59,0,2
24,60,1,10
24,61,1,10
24,62,1,10
24,63,1,10
24,64,1,10
24,65,1,10
24,66,1,10
24,67,1,10
24,68,1,10
24,69,1,10
24,70,0,2
24,71,1,10
24,72,1,10
24,73,1,10
24,74,0,2
24,75,1,0
24,76,1,10
24,77,1,10
24,78,0,2
24,79,0,2
24,80,0,2
24,81,0,2
24,82,1,10
24,83,1,10
24,84,1,10
24,85,1,0
24,86,0,2
24,87,1,10
24,88,1,10
24,89,1,10
24,90,1,10
24,91,1,0
24,92,1,10
24,93,0,2
24,94,0,2
24,95,1,10
24,96,0,2
24,97,1,10
24,98,1,10
24,99,1,10
25,0,0,2
25,1,0,2
25,2,1,10
25,3,1,10
25,4,1,10
25,5,1,10
25,6,1,10
25,7,0,2
25,8,1,10
25,9,1,10
25,10,1,10
25,11,1,10
25,12,1,10
25,13,0,2
25,14,1,0
25,15,1,10
25,16,1,10
25,17,0,2
25,18,0,2
25,19,0,2
25,20,0,2
25,21,0,2
25,22,1,10
25,23,0,2
25,24,1,10
25,25,0,2
25,26,1,0
25,27,1,10
25,28,1,10
25,29,1,10
25,30,1,10
25,31,1,10
25,32,1,10
25,33,0,2
25,34,1,10
25,35,1,10
25,36,1,10
25,37,0,2
25,38,1,10
25,39,1,10
25,40,1,10
25,41,1,10
25,42,1,10
25,43,1,10
25,44,1,10
25,45,0,2
25,46,1,10
25,47,0,2
25,48,1,10
25,49,0,2
25,50,0,2
25,51,1,10
25,52,1,0
25,53,1,0
25,54,1,0
25,55,0,2
25,56,0,2
25,57,0,2
25,58,0,2
25,59,1,10
25,60,1,10
25,61,1,10
25,62,0,2
25,63,1,10
25,64,1,10
25,65,1,10
25,66,0,2
25,67,0,2
25,68,1,10
25,69,0,2
25,70,0,2
25,71,0,2
25,72,0,2
25,73,0,2
25,74,0,2
25,75,1,0
25,76,1,10
25,77,0,2
25,78,0,2
25,79,0,2
25,80,1,10
25,81,1,10
25,82,1,10
25,83,1,10
25,84,1,10
25,85,0,2
25,86,1,10
25,87,1,10
25,88,0,2
25,89,0,2
25,90,0,2
25,91,1,10
25,92,0,2
25,93,0,2
25,94,1,10
25,95,0,2
25,96,1,0
25,97,1,10
25,98,1,10
25,99,1,10
26,0,0,2
26,1,0,2
26,2,0,2
26,3,1,10
26,4,0,2
26,5,0,2
26,6,0,2
26,7,0,2
26,8,0,2
26,9,0,2
26,10,1,10
26,11,1,10
26,12,1,0
26,13,1,10
26,14,0,2
26,15,1,10
26,16,1,10
26,17,1,10
26,18,1,10
26,19,0,2
26,20,1,10
26,21,0,2
26,22,1,10
26,23,0,2
26,24,1,10
26,25,0,2
26,26,1,10
26,27,1,10
26,28,1,0
26,29,0,2
26,30,0,2
26,31,0,2
26,32,1,10
26,33,1,10
26,34,0,2
26,35,1,10
26,36,1,10
26,37,1,10
26,38,1,10
26,39,1,10
26,40,1,10
26,41,1,10
26,42,1,0
26,43,0,2
26,44,1,10
26,45,1,10
26,46,1,10
26,47,1,10
26,48,0,2
26,49,1,10
26,50,1,10
26,51,0,2
26,52,1,10
26,53,1,0
26,54,1,10
26,55,1,10
26,56,1,10
26,57,1,10
26,58,1,10
26,59,1,10
26,60,1,10
26,61,1,10
26,62,1,10
26,63,0,2
26,64,0,2
26,65,1,10
26,66,0,2
26,67,0,2
26,68,0,2
26,69,0,2
26,70,1,10
26,71,1,10
26,72,1,10
26,73,1,10
26,74,1,10
26,75,1,10
26,76,0,2
26,77,0,2
26,78,1,10
26,79,0,2
26,80,0,2
26,81,1,10
26,82,0,2
26,83,0,2
26,84,0,2
26,85,0,2
26,86,0,2
26,87,0,2
26,88,0,2
26,89,1,10
26,90,0,2
26,91,1,10
26,92,0,2
26,93,1,0
26,94,0,2
26,95,0,2
26,96,1,10
26,97,1,10
26,98,1,10
26,99,1,10
27,0,1,10
27,1,1,10
27,2,0,2
27,3,1,0
27,4,0,2
27,5,0,2
27,6,0,2
27,7,1,10
27,8,1,0
27,9,1,10
27,10,1,10
27,11,0,2
27,12,0,2
27,13,1,10
27,14,1,10
27,15,1,0
27,16,1,10
27,17,1,10
27,18,1,10
27,19,1,10
27,20,1,10
27,21,1,10
27,22,1,10
27,23,1,10
27,24,0,2
27,25,1,10
27,26,1,10
27,27,1,10
27,28,1,10
27,29,1,10
27,30,1,10
27,31,1,10
27,32,1,0
27,33,0,2
27,34,1,10
27,35,1,10
27,36,1,10
27,37,0,2
27,38,1,10
27,39,0,2
27,40,1,10
27,41,1,10
27,42,1,10
27,43,1,10
27,44,1,10
27,45,0,2
27,46,1,0
27,47,1,10
27,48,0,2
27,49,1,10
27,50,1,10
27,51,1,10
27,52,1,10
27,53,1,10
27,54,0,2
27,55,0,2
27,56,0,2
27,57,1,10
27,58,1,10
27,59,1,10
27,60,1,0
27,61,0,2
27,62,0,2
27,63,1,10
27,64,1,10
27,65,1,10
27,66,1,0
27,67,0,2
27,68,1,0
27,69,0,2
27,70,1,10
27,71,0,2
27,72,0,2
27,73,0,2
27,74,0,2
27,75,1,10
27,76,1,10
27,77,1,10
27,78,1,10
27,79,1,10
27,80,1,10
27,81,1,10
27,82,1,10
27,83,1,10
27,84,0,2
27,85,0,2
27,86,0,2
27,87,1,10
27,88,1,10
27,89,1,10
27,90,1,10
27,91,0,2
27,92,1,10
27,93,1,10
27,94,0,2
27,95,0,2
27,96,1,10
27,97,1,10
27,98,1,10
27,99,1,10
28,0,1,10
28,1,0,2
28,2,0,2
28,3,0,2
28,4,0,2
28,5,0,2
28,6,0,2
28,7,1,10
28,8,1,10
28,9,1,10
28,10,0,2
28,11,0,2
28,12,1,10
28,13,1,10
28,14,1,10
28,15,1,10
28,16,1,10
28,17,1,10
28,18,0,2
28,19,0,2
28,20,1,10
28,21,0,2
28,22,1,0
28,23,0,2
28,24,0,2
28,25,1,10
28,26,1,10
28,27,1,10
28,28,1,10
28,29,1,0
28,30,1,10
28,31,1,0
28,32,1,10
28,33,1,10
28,34,1,10
28,35,1,10
28,36,0,2
28,37,0,2
28,38,1,10
28,39,0,2
28,40,1,10
28,41,1,10
28,42,0,2
28,43,1,10
28,44,1,0
28,45,1,10
28,46,1,10
28,47,0,2
28,48,1,10
28,49,0,2
28,50,0,2
28,51,0,2
28,52,0,2
28,53,1,10
28,54,1,10
28,55,0,2
28,56,0,2
28,57,0,2
28,58,1,10
28,59,0,2
28,60,0,2
28,61,0,2
28,62,0,2
28,63,1,0
28,64,0,2
28,65,0,2
28,66,1,0
28,67,1,0
28,68,1,10
28,69,1,10
28,70,1,10
28,71,1,0
28,72,1,10
28,73,1,10
28,74,1,10
28,75,1,10
28,76,0,2
28,77,1,10
28,78,1,10
28,79,1,10
28,80,0,2
28,81,1,10
28,82,1,10
28,83,1,10
28,84,1,10
28,85,1,10
28,86,1,10
28,87,1,10
28,88,1,10
28,89,1,10
28,90,0,2
28,91,0,2
28,92,1,10
28,93,1,10
28,94,0,2
28,95,0,2
28,96,0,2
28,97,1,10
28,98,1,10
28,99,1,10
29,0,0,2
29,1,1,0
29,2,0,2
29,3,0,2
29,4,0,2
29,5,1,10
29,6,1,10
29,7,1,0
29,8,1,10
29,9,1,10
29,10,1,10
29,11,1,10
29,12,1,0
29,13,0,2
29,14,0,2
29,15,0,2
29,16,0,2
29,17,0,2
29,18,0,2
29,19,1,10
29,20,0,2
29,21,0,2
29,22,1,10
29,23,1,10
29,24,1,10
29,25,1,10
29,26,1,10
29,27,1,10
29,28,1,10
29,29,1,10
29,30,1,10
29,31,1,10
29,32,1,10
29,33,1,10
29,34,1,10
29,35,1,10
29,36,1,10
29,37,1,10
29,38,1,10
29,39,1,0
29,40,0,2
29,41,0,2
29,42,0,2
29,43,1,10
29,44,1,10
29,45,0,2
29,46,0,2
29,47,0,2
29,48,1,10
29,49,1,10
29,50,1,10
29,51,0,2
29,52,1,0
29,53,0,2
29,54,1,10
29,55,0,2
29,56,1,10
29,57,1,10
29,58,1,10
29,59,1,0
29,60,1,0
29,61,1,10
29,62,1,10
29,63,1,0
29,64,1,10
29,65,0,2
29,66,1,10
29,67,1,0
29,68,1,0
29,69,1,10
29,70,1,10
29,71,1,10
29,72,1,0
29,73,0,2
29,74,0,2
29,75,1,10
29,76,1,10
29,77,1,10
29,78,1,10
29,79,1,10
29,80,1,0
29,81,1,10
29,82,0,2
29,83,0,2
29,84,1,0
29,85,1,10
29,86,1,10
29,87,1,10
29,88,1,10
29,89,1,10
29,90,1,10
29,91,1,0
29,92,1,10
29,93,1,10
29,94,0,2
29,95,0,2
29,96,1,0
29,97,1,10
29,98,1,10
29,99,0,2
30,0,0,2
30,1,0,2
30,2,1,10
30,3,0,2
30,4,1,10
30,5,0,2
30,6,0,2
30,7,1,10
30,8,0,2
30,9,0,2
30,10,1,10
30,11,0,2
30,12,1,10
30,13,1,10
30,14,1,10
30,15,1,10
30,16,1,0
30,17,0,2
30,18,1,10
30,19,0,2
30,20,0,2
30,21,0,2
30,22,0,2
30,23,1,10
30,24,1,10
30,25,1,10
30,26,1,10
30,27,0,2
30,28,1,10
30,29,0,2
30,30,0,2
30,31,0,2
30,32,0,2
30,33,1,10
30,34,1,10
30,35,1,10
30,36,0,2
30,37,1,10
30,38,1,10
30,39,1,10
30,40,1,10
30,41,1,10
30,42,1,10
30,43,1,10
30,44,1,10
30,45,1,0
30,46,0,2
30,47,0,2
30,48,1,0
30,49,1,10
30,50,1,10
30,51,1,10
30,52,1,10
30,53,1,10
30,54,1,10
30,55,1,10
30,56,1,10
30,57,1,10
30,58,1,10
30,59,1,10
30,60,0,2
30,61,1,10
30,62,1,10
30,63,1,10
30,64,1,10
30,65,0,2
30,66,0,2
30,67,1,10
30,68,0,2
30,69,0,2
30,70,1,10
30,71,1,10
30,72,1,0
30,73,0,2
30,74,1,10
30,75,1,10
30,76,1,10
30,77,0,2
30,78,0,2
30,79,1,10
30,80,1,10
30,81,0,2
30,82,1,10
30,83,1,10
30,84,0,2
30,85,0,2
30,86,1,10
30,87,1,0
30,88,1,0
30,89,1,10
30,90,1,10
30,91,0,2
30,92,0,2
30,93,1,10
30,94,1,0
30,95,0,2
30,96,0,2
30,97,0,2
30,98,1,10
30,99,0,2
31,0,0,2
31,1,0,2
31,2,0,2
31,3,0,2
31,4,0,2
31,5,1,10
31,6,0,2
31,7,0,2
31,8,0,2
31,9,0,2
31,10,1,10
31,11,1,10
31,12,0,2
31,13,1,10
31,14,0,2
31,15,0,2
31,16,1,10
31,17,0,2
31,18,0,2
31,19,1,10
31,20,1,10
31,21,1,10
31,22,0,2
31,23,1,10
31,24,1,10
31,25,1,10
31,26,1,0
31,27,1,10
31,28,1,10
31,29,1,10
31,30,0,2
31,31,1,10
31,32,1,10
31,33,0,2
31,34,1,10
31,35,1,10
31,36,1,10
31,37,1,10
31,38,1,10
31,39,1,10
31,40,1,10
31,41,0,2
31,42,1,10
31,43,1,10
31,44,1,10
31,45,1,10
31,46,0,2
31,47,0,2
31,48,1,10
31,49,1,10
31,50,1,10
31,51,1,10
31,52,1,10
31,53,0,2
31,54,1,10
31,55,0,2
31,56,0,2
31,57,0,2
31,58,0,2
31,59,1,0
31,60,1,10
31,61,1,10
31,62,1,10
31,63,1,10
31,64,1,10
31,65,0,2
31,66,1,10
31,67,0,2
31,68,1,10
31,69,0,2
31,70,1,10
31,71,1,10
31,72,0,2
31,73,1,10
31,74,0,2
31,75,0,2
31,76,0,2
31,77,0,2
31,78,1,10
31,79,1,10
31,80,0,2
31,81,1,10
31,82,1,10
31,83,1,10
31,84,1,10
31,85,0,2
31,86,1,10
31,87,0,2
31,88,1,10
31,89,1,10
31,90,1,10
31,91,1,10
31,92,0,2
31,93,1,10
31,94,0,2
31,95,1,10
31,96,1,10
31,97,1,10
31,98,0,2
31,99,0,2
32,0,0,2
32,1,1,10
32,2,0,2
32,3,0,2
32,4,1,10
32,5,1,10
32,6,0,2
32,7,0,2
32,8,0,2
32,9,1,10
32,10,0,2
32,11,1,10
32,12,1,10
32,13,0,2
32,14,0,2
32,15,0,2
32,16,1,10
32,17,1,10
32,18,0,2
32,19,0,2
32,20,1,10
32,21,1,10
32,22,1,10
32,23,1,0
32,24,0,2
32,25,0,2
32,26,0,2
32,27,0,2
32,28,0,2
32,29,1,10
32,30,0,2
32,31,0,2
32,32,0,2
32,33,1,10
32,34,1,0
32,35,0,2
32,36,0,2
32,37,1,0
32,38,1,10
32,39,1,10
32,40,1,10
32,41,1,10
32,42,1,0
32,43,1,10
32,44,1,10
32,45,0,2
32,46,1,10
32,47,0,2
32,48,0,2
32,49,1,10
32,50,1,10
32,51,1,10
32,52,1,10
32,53,1,10
32,54,1,10
32,55,1,10
32,56,1,10
32,57,0,2
32,58,1,10
32,59,1,10
32,60,1,10
32,61,0,2
32,62,0,2
32,63,1,10
32,64,1,10
32,65,0,2
32,66,1,10
32,67,1,10
32,68,1,10
32,69,1,10
32,70,0,2
32,71,0,2
32,72,1,10
32,73,1,10
32,74,1,0
32,75,0,2
32,76,0,2
32,77,0,2
32,78,0,2
32,79,0,2
32,80,0,2
32,81,1,10
32,82,1,10
32,83,0,2
32,84,1,10
32,85,1,10
32,86,0,2
32,87,0,2
32,88,1,10
32,89,0,2
32,90,1,10
32,91,1,10
32,92,1,10
32,93,1,10
32,94,1,10
32,95,0,2
32,96,1,10
32,97,1,10
32,98,1,10
32,99,1,0
33,0,0,2
33,1,1,0
33,2,1,10
33,3,1,10
33,4,0,2
33,5,1,10
33,6,1,10
33,7,1,0
33,8,1,10
33,9,1,10
33,10,0,2
33,11,0,2
33,12,1,10
33,13,1,10
33,14,1,10
33,15,1,10
33,16,1,10
33,17,1,10
33,18,1,10
33,19,0,2
33,20,1,10
33,21,1,10
33,22,1,10
33,23,1,10
33,24,0,2
33,25,1,10
33,26,0,2
33,27,0,2
33,28,0,2
33,29,1,10
33,30,1,10
33,31,0,2
33,32,1,10
33,33,1,10
33,34,1,10
33,35,1,0
33,36,0,2
33,37,1,10
33,38,1,10
33,39,0,2
33,40,0,2
33,41,1,10
33,42,1,10
33,43,0,2
33,44,0,2
33,45,1,0
33,46,0,2
33,47,1,10
33,48,1,10
33,49,0,2
33,50,0,2
33,51,0,2
33,52,1,10
33,53,1,10
33,54,0,2
33,55,1,10
33,56,1,10
33,57,0,2
33,58,0,2
33,59,0,2
33,60,0,2
33,61,1,0
33,62,0,2
33,63,1,10
33,64,1,10
33,65,0,2
33,66,1,10
33,67,0,2
33,68,1,10
33,69,1,10
33,70,0,2
33,71,0,2
33,72,0,2
33,73,1,10
33,74,1,0
33,75,0,2
33,76,1,10
33,77,1,10
33,78,1,10
33,79,1,10
33,80,1,10
33,81,0,2
33,82,1,10
33,83,1,10
33,84,1,10
33,85,1,10
33,86,1,10
33,87,1,0
33,88,1,10
33,89,1,0
33,90,0,2
33,91,0,2
33,92,1,10
33,93,1,10
33,94,1,10
33,95,1,10
33,96,1,10
33,97,1,10
33,98,1,0
33,99,0,2
34,0,0,2
34,1,0,2
34,2,0,2
34,3,0,2
34,4,1,10
34,5,1,10
34,6,1,0
34,7,1,10
34,8,0,2
34,9,0,2
34,10,0,2
34,11,0,2
34,12,1,10
34,13,1,10
34,14,1,10
34,15,1,10
34,16,1,10
34,17,1,10
34,18,0,2
34,19,0,2
34,20,0,2
34,21,0,2
34,22,0,2
34,23,1,10
34,24,1,10
34,25,0,2
34,26,1,10
34,27,1,10
34,28,1,10
34,29,0,2
34,30,0,2
34,31,1,10
34,32,1,10
34,33,1,10
34,34,1,10
34,35,1,10
34,36,0,2
34,37,1,10
34,38,1,10
34,39,1,10
34,40,1,10
34,41,1,0
34,42,1,10
34,43,0,2
34,44,0,2
34,45,0,2
34,46,0,2
34,47,1,10
34,48,0,2
34,49,0,2
34,50,0,2
34,51,0,2
34,52,1,10
34,53,1,10
34,54,0,2
34,55,0,2
34,56,1,10
34,57,1,10
34,58,1,10
34,59,1,10
34,60,0,2
34,61,1,10
34,62,1,10
34,63,0,2
34,64,0,2
34,65,1,10
34,66,0,2
34,67,0,2
34,68,0,2
34,69,1,10
34,70,1,10
34,71,1,10
34,72,1,10
34,73,1,10
34,74,1,10
34,75,1,10
34,76,1,10
34,77,1,10
34,78,1,10
34,79,1,0
34,80,1,10
34,81,1,10
34,82,1,10
34,83,0,2
34,84,1,10
34,85,1,10
34,86,1,10
34,87,0,2
34,88,0,2
34,89,0,2
34,90,0,2
34,91,1,0
34,92,0,2
34,93,0,2
34,94,0,2
34,95,0,2
34,96,1,10
34,97,1,10
34,98,1,0
34,99,0,2
35,0,0,2
35,1,1,10
35,2,1,10
35,3,1,10
35,4,1,10
35,5,0,2
35,6,0,2
35,7,0,2
35,8,0,2
35,9,1,10
35,10,1,10
35,11,0,2
35,12,0,2
35,13,1,10
35,14,1,10
35,15,0,2
35,16,1,10
35,17,1,10
35,18,1,0
35,19,0,2
35,20,1,10
35,21,1,10
35,22,1,10
35,23,1,10
35,24,0,2
35,25,1,0
35,26,1,10
35,27,1,10
35,28,1,10
35,29,1,10
35,30,1,10
35,31,1,10
35,32,0,2
35,33,0,2
35,34,1,0
35,35,1,10
35,36,1,10
35,37,1,10
35,38,0,2
35,39,0,2
35,40,1,10
35,41,1,10
35,42,1,10
35,43,1,10
35,44,1,10
35,45,1,10
35,46,0,2
35,47,0,2
35,48,1,10
35,49,1,10
35,50,1,10
35,51,1,0
35,52,1,0
35,53,1,10
35,54,1,10
35,55,1,10
35,56,1,10
35,57,1,10
35,58,1,0
35,59,0,2
35,60,0,2
35,61,0,2
35,62,1,10
35,63,0,2
35,64,0,2
35,65,0,2
35,66,1,10
35,67,0,2
35,68,0,2
35,69,1,10
35,70,1,10
35,71,0,2
35,72,1,10
35,73,1,10
35,74,1,10
35,75,0,2
35,76,1,0
35,77,0,2
35,78,0,2
35,79,1,10
35,80,1,10
35,81,1,10
35,82,1,10
35,83,0,2
35,84,1,10
35,85,1,10
35,86,1,10
35,87,1,10
35,88,0,2
35,89,0,2
35,90,0,2
35,91,1,10
35,92,1,10
35,93,0,2
35,94,0,2
35,95,0,2
35,96,1,10
35,97,1,10
35,98,1,10
35,99,0,2
36,0,0,2
36,1,0,2
36,2,0,2
36,3,0,2
36,4,0,2
36,5,0,2
36,6,1,0
36,7,1,10
36,8,0,2
36,9,0,2
36,10,0,2
36,11,1,10
36,12,1,10
36,13,1,10
36,14,1,10
36,15,0,2
36,16,1,10
36,17,1,10
36,18,1,10
36,19,1,10
36,20,0,2
36,21,0,2
36,22,0,2
36,23,0,2
36,24,1,10
36,25,1,10
36,26,1,0
36,27,0,2
36,28,0,2
36,29,1,10
36,30,0,2
36,31,1,10
36,32,1,10
36,33,1,10
36,34,1,10
36,35,1,10
36,36,0,2
36,37,0,2
36,38,0,2
36,39,0,2
36,40,0,2
36,41,0,2
36,42,1,10
36,43,0,2
36,44,0,2
36,45,1,10
36,46,1,10
36,47,1,10
36,48,0,2
36,49,1,10
36,50,1,10
36,51,1,10
36,52,0,2
36,53,1,10
36,54,1,10
36,55,1,10
36,56,0,2
36,57,0,2
36,58,1,10
36,59,1,10
36,60,0,2
36,61,1,10
36,62,1,10
36,63,1,10
36,64,1,10
36,65,1,10
36,66,1,10
36,67,1,10
36,68,1,10
36,69,1,10
36,70,1,0
36,71,1,10
36,72,1,10
36,73,1,10
36,74,1,10
36,75,1,10
36,76,1,0
36,77,1,10
36,78,1,10
36,79,1,10
36,80,1,10
36,81,0,2
36,82,1,0
36,83,0,2
36,84,0,2
36,85,1,10
36,86,0,2
36,87,1,10
36,88,1,0
36,89,1,10
36,90,1,0
36,91,1,10
36,92,1,10
36,93,0,2
36,94,0,2
36,95,0,2
36,96,0,2
36,97,0,2
36,98,0,2
36,99,0,2
37,0,0,2
37,1,1,10
37,2,1,10
37,3,0,2
37,4,0,2
37,5,0,2
37,6,0,2
37,7,1,10
37,8,0,2
37,9,0,2
37,10,0,2
37,11,0,2
37,12,1,10
37,13,0,2
37,14,1,10
37,15,1,10
37,16,1,10
37,17,1,10
37,18,1,10
37,19,1,10
37,20,0,2
37,21,0,2
37,22,1,10
37,23,0,2
37,24,0,2
37,25,0,2
37,26,0,2
37,27,1,0
37,28,1,10
37,29,1,10
37,30,1,10
37,31,0,2
37,32,0,2
37,33,1,10
37,34,1,10
37,35,1,10
37,36,1,0
37,37,1,10
37,38,1,10
37,39,1,10
37,40,1,10
37,41,0,2
37,42,0,2
37,43,1,10
37,44,1,10
37,45,1,10
37,46,0,2
37,47,0,2
37,48,0,2
37,49,0,2
37,50,0,2
37,51,0,2
37,52,1,10
37,53,1,10
37,54,0,2
37,55,0,2
37,56,1,10
37,57,1,10
37,58,1,10
37,59,1,10
37,60,1,10
37,61,0,2
37,62,1,10
37,63,0,2
37,64,1,10
37,65,1,10
37,66,1,10
37,67,1,10
37,68,0,2
37,69,1,10
37,70,0,2
37,71,0,2
37,72,1,10
37,73,1,10
37,74,1,10
37,75,1,10
37,76,1,10
37,77,1,10
37,78,1,10
37,79,1,10
37,80,1,10
37,81,1,0
37,82,1,0
37,83,0,2
37,84,1,10
37,85,0,2
37,86,1,10
37,87,1,10
37,88,1,10
37,89,1,10
37,90,0,2
37,91,0,2
37,92,1,10
37,93,1,10
37,94,0,2
37,95,0,2
37,96,1,10
37,97,1,10
37,98,1,10
37,99,1,10
38,0,0,2
38,1,0,2
38,2,1,10
38,3,1,10
38,4,1,10
38,5,0,2
38,6,1,10
38,7,1,10
38,8,1,10
38,9,1,10
38,10,1,10
38,11,1,10
38,12,1,10
38,13,1,10
38,14,1,10
38,15,0,2
38,16,1,10
38,17,1,10
38,18,0,2
38,19,0,2
38,20,1,10
38,21,1,10
38,22,1,10
38,23,0,2
38,24,0,2
38,25,0,2
38,26,1,10
38,27,1,10
38,28,1,10
38,29,1,10
38,30,0,2
38,31,0,2
38,32,1,10
38,33,0,2
38,34,0,2
38,35,0,2
38,36,0,2
38,37,1,0
38,38,0,2
38,39,0,2
38,40,0,2
38,41,1,10
38,42,1,10
38,43,0,2
38,44,0,2
38,45,0,2
38,46,1,10
38,47,1,10
38,48,0,2
38,49,1,10
38,50,1,10
38,51,1,10
38,52,1,10
38,53,1,10
38,54,0,2
38,55,0,2
38,56,0,2
38,57,1,10
38,58,1,10
38,59,0,2
38,60,1,0
38,61,0,2
38,62,1,10
38,63,1,10
38,64,1,10
38,65,1,10
38,66,1,10
38,67,1,10
38,68,0,2
38,69,1,0
38,70,1,10
38,71,1,10
38,72,1,10
38,73,0,2
38,74,0,2
38,75,1,10
38,76,1,10
38,77,0,2
38,78,0,2
38,79,0,2
38,80,1,10
38,81,1,10
38,82,1,10
38,83,0,2
38,84,0,2
38,85,1,10
38,86,1,10
38,87,1,10
38,88,1,10
38,89,1,10
38,90,0,2
38,91,1,10
38,92,1,10
38,93,1,10
38,94,1,10
38,95,1,10
38,96,0,2
38,97,0,2
38,98,1,0
38,99,1,10
39,0,1,10
39,1,1,10
39,2,1,10
39,3,1,10
39,4,1,10
39,5,0,2
39,6,0,2
39,7,0,2
39,8,1,10
39,9,0,2
39,10,1,10
39,11,1,10
39,12,1,10
39,13,1,10
39,14,0,2
39,15,1,10
39,16,0,2
39,17,1,10
39,18,1,10
39,19,1,10
39,20,0,2
39,21,1,10
39,22,1,10
39,23,1,10
39,24,1,0
39,25,0,2
39,26,1,10
39,27,1,10
39,28,1,10
39,29,1,10
39,30,1,10
39,31,1,0
39,32,1,10
39,33,1,10
39,34,1,10
39,35,1,10
39,36,1,10
39,37,1,10
39,38,1,10
39,39,1,10
39,40,0,2
39,41,1,10
39,42,1,10
39,43,0,2
39,44,0,2
39,45,1,10
39,46,1,0
39,47,1,10
39,48,1,10
39,49,1,10
39,50,1,10
39,51,0,2
39,52,1,10
39,53,1,10
39,54,0,2
39,55,0,2
39,56,0,2
39,57,1,0
39,58,1,10
39,59,1,10
39,60,1,10
39,61,1,10
39,62,1,10
39,63,1,0
39,64,1,10
39,65,1,10
39,66,0,2
39,67,0,2
39,68,1,0
39,69,0,2
39,70,1,10
39,71,0,2
39,72,0,2
39,73,0,2
39,74,0,2
39,75,0,2
39,76,1,10
39,77,0,2
39,78,0,2
39,79,0,2
39,80,0,2
39,81,1,10
39,82,1,10
39,83,0,2
39,84,1,10
39,85,0,2
39,86,1,10
39,87,1,10
39,88,1,10
39,89,1,10
39,90,0,2
39,91,1,10
39,92,0,2
39,93,1,10
39,94,1,10
39,95,1,10
39,96,0,2
39,97,0,2
39,98,0,2
39,99,1,10
40,0,1,10
40,1,1,10
40,2,1,10
40,3,1,10
40,4,1,10
40,5,1,10
40,6,1,10
40,7,0,2
40,8,0,2
40,9,1,10
40,10,1,10
40,11,1,0
40,12,1,10
40,13,1,10
40,14,1,10
40,15,1,10
40,16,1,10
40,17,1,10
40,18,1,10
40,19,1,10
40,20,1,10
40,21,1,10
40,22,0,2
40,23,0,2
40,24,0,2
40,25,0,2
40,26,0,2
40,27,0,2
40,28,0,2
40,29,1,10
40,30,0,2
40,31,0,2
40,32,0,2
40,33,1,10
40,34,0,2
40,35,1,10
40,36,1,10
40,37,0,2
40,38,0,2
40,39,0,2
40,40,1,10
40,41,1,10
40,42,0,2
40,43,1,0
40,44,0,2
40,45,1,10
40,46,1,10
40,47,1,10
40,48,1,10
40,49,1,10
40,50,1,0
40,51,0,2
40,52,0,2
40,53,1,10
40,54,1,10
40,55,0,2
40,56,0,2
40,57,0,2
40,58,0,2
40,59,1,10
40,60,1,10
40,61,1,10
40,62,1,10
40,63,1,10
40,64,0,2
40,65,1,10
40,66,0,2
40,67,0,2
40,68,1,10
40,69,1,10
40,70,1,10
40,71,1,10
40,72,1,10
40,73,0,2
40,74,0,2
40,75,0,2
40,76,1,10
40,77,1,10
40,78,1,10
40,79,1,10
40,80,1,10
40,81,1,10
40,82,1,10
40,83,1,10
40,84,1,10
40,85,1,10
40,86,1,0
40,87,0,2
40,88,0,2
40,89,0,2
40,90,0,2
40,91,1,10
40,92,0,2
40,93,0,2
40,94,0,2
40,95,0,2
40,96,1,10
40,97,1,10
40,98,1,0
40,99,1,10
41,0,1,10
41,1,0,2
41,2,0,2
41,3,0,2
41,4,0,2
41,5,0,2
41,6,0,2
41,7,1,10
41,8,1,10
41,9,1,10
41,10,1,10
41,11,1,10
41,12,1,0
41,13,1,10
41,14,0,2
41,15,0,2
41,16,1,10
41,17,1,10
41,18,1,10
41,19,0,2
41,20,0,2
41,21,1,10
41,22,1,10
41,23,1,10
41,24,1,0
41,25,1,0
41,26,1,10
41,27,1,10
41,28,1,10
41,29,1,10
41,30,1,10
41,31,1,10
41,32,1,10
41,33,0,2
41,34,1,10
41,35,1,10
41,36,1,10
41,37,1,0
41,38,0,2
41,39,1,10
41,40,1,10
41,41,0,2
41,42,1,10
41,43,1,10
41,44,1,10
41,45,1,10
41,46,1,10
41,47,1,10
41,48,1,10
41,49,1,10
41,50,1,10
41,51,1,10
41,52,1,10
41,53,1,10
41,54,1,10
41,55,1,0
41,56,1,10
41,57,1,10
41,58,0,2
41,59,1,0
41,60,1,10
41,61,1,10
41,62,0,2
41,63,1,10
41,64,1,10
41,65,1,10
41,66,0,2
41,67,0,2
41,68,0,2
41,69,0,2
41,70,1,10
41,71,1,10
41,72,1,10
41,73,1,10
41,74,1,0
41,75,1,10
41,76,1,10
41,77,1,10
41,78,1,10
41,79,1,10
41,80,1,10
41,81,0,2
41,82,1,10
41,83,0,2
41,84,1,10
41,85,0,2
41,86,1,10
41,87,1,10
41,88,1,10
41,89,1,10
41,90,1,10
41,91,0,2
41,92,1,10
41,93,0,2
41,94,1,10
41,95,1,10
41,96,0,2
41,97,1,10
41,98,1,10
41,99,1,10
42,0,0,2
42,1,0,2
42,2,0,2
42,3,0,2
42,4,0,2
42,5,0,2
42,6,0,2
42,7,1,10
42,8,1,10
42,9,0,2
42,10,0,2
42,11,0,2
42,12,1,10
42,13,1,10
42,14,0,2
42,15,1,10
42,16,1,10
42,17,1,10
42,18,1,10
42,19,0,2
42,20,0,2
42,21,0,2
42,22,0,2
42,23,0,2
42,24,1,0
42,25,0,2
42,26,0,2
42,27,1,10
42,28,1,10
42,29,0,2
42,30,1,10
42,31,1,10
42,32,1,0
42,33,1,10
42,34,1,10
42,35,0,2
42,36,0,2
42,37,1,10
42,38,1,0
42,39,0,2
42,40,0,2
42,41,1,10
42,42,1,10
42,43,1,10
42,44,0,2
42,45,0,2
42,46,1,10
42,47,0,2
42,48,1,0
42,49,1,0
42,50,1,10
42,51,1,10
42,52,1,0
42,53,1,10
42,54,1,10
42,55,1,10
42,56,0,2
42,57,0,2
42,58,0,2
42,59,0,2
42,60,1,10
42,61,1,10
42,62,1,10
42,63,1,10
42,64,1,10
42,65,1,10
42,66,1,10
42,67,1,10
42,68,1,10
42,69,1,10
42,70,1,10
42,71,0,2
42,72,1,10
42,73,1,10
42,74,1,10
42,75,1,10
42,76,0,2
42,77,0,2
42,78,1,10
42,79,0,2
42,80,0,2
42,81,0,2
42,82,1,10
42,83,1,10
42,84,1,10
42,85,0,2
42,86,1,10
42,87,1,10
42,88,1,10
42,89,0,2
42,90,0,2
42,91,0,2
42,92,0,2
42,93,0,2
42,94,0,2
42,95,1,10
42,96,1,10
42,97,1,10
42,98,1,10
42,99,1,10
43,0,0,2
43,1,1,10
43,2,0,2
43,3,1,10
43,4,1,10
43,5,1,10
43,6,0,2
43,7,1,10
43,8,1,0
43,9,0,2
43,10,1,10
43,11,1,10
43,12,0,2
43,13,0,2
43,14,1,10
43,15,1,10
43,16,1,10
43,17,1,10
43,18,0,2
43,19,1,10
43,20,1,10
43,21,1,10
43,22,1,10
43,23,1,10
43,24,1,10
43,25,1,10
43,26,0,2
43,27,0,2
43,28,1,10
43,29,1,10
43,30,1,10
43,31,1,10
43,32,1,10
43,33,1,10
43,34,0,2
43,35,0,2
43,36,1,10
43,37,1,10
43,38,1,10
43,39,1,10
43,40,1,0
43,41,1,10
43,42,1,10
43,43,1,10
43,44,1,10
43,45,1,10
43,46,0,2
43,47,1,10
43,48,1,10
43,49,0,2
43,50,1,0
43,51,1,10
43,52,1,10
43,53,0,2
43,54,0,2
43,55,0,2
43,56,0,2
43,57,0,2
43,58,0,2
43,59,1,10
43,60,1,10
43,61,1,10
43,62,1,10
43,63,0,2
43,64,0,2
43,65,1,10
43,66,1,10
43,67,1,10
43,68,1,10
43,69,0,2
43,70,1,10
43,71,1,0
43,72,0,2
43,73,1,10
43,74,0,2
43,75,1,10
43,76,1,10
43,77,0,2
43,78,0,2
43,79,0,2
43,80,1,10
43,81,1,10
43,82,1,0
43,83,0,2
43,84,0,2
43,85,0,2
43,86,1,10
43,87,0,2
43,88,1,10
43,89,1,10
43,90,1,0
43,91,0,2
43,92,0,2
43,93,1,10
43,94,0,2
43,95,1,10
43,96,1,10
43,97,1,0
43,98,1,10
43,99,1,10
44,0,0,2
44,1,1,10
44,2,1,0
44,3,1,10
44,4,1,10
44,5,1,10
44,6,0,2
44,7,0,2
44,8,1,10
44,9,1,10
44,10,1,10
44,11,1,10
44,12,1,0
44,13,0,2
44,14,0,2
44,15,1,0
44,16,0,2
44,17,0,2
44,18,1,10
44,19,0,2
44,20,1,10
44,21,1,10
44,22,0,2
44,23,0,2
44,24,1,10
44,25,1,10
44,26,0,2
44,27,0,2
44,28,1,10
44,29,1,10
44,30,1,10
44,31,1,10
44,32,0,2
44,33,1,10
44,34,1,0
44,35,1,0
44,36,1,10
44,37,1,10
44,38,1,10
44,39,0,2
44,40,1,10
44,41,1,0
44,42,0,2
44,43,1,10
44,44,1,10
44,45,0,2
44,46,1,10
44,47,1,10
44,48,1,10
44,49,1,10
44,50,1,10
44,51,1,10
44,52,0,2
44,53,1,10
44,54,1,10
44,55,1,10
44,56,1,10
44,57,1,10
44,58,1,0
44,59,1,10
44,60,1,10
44,61,1,10
44,62,0,2
44,63,0,2
44,64,1,10
44,65,1,10
44,66,0,2
44,67,0,2
44,68,0,2
44,69,0,2
44,70,0,2
44,71,0,2
44,72,1,10
44,73,0,2
44,74,0,2
44,75,0,2
44,76,0,2
44,77,0,2
44,78,1,0
44,79,1,0
44,80,1,10
44,81,1,10
44,82,1,10
44,83,1,10
44,84,0,2
44,85,1,10
44,86,1,10
44,87,1,10
44,88,1,10
44,89,1,10
44,90,1,0
44,91,1,10
44,92,1,10
44,93,1,0
44,94,1,10
44,95,0,2
44,96,0,2
44,97,0,2
44,98,0,2
44,99,1,10
45,0,0,2
45,1,1,0
45,2,1,10
45,3,1,10
45,4,1,10
45,5,0,2
45,6,1,10
45,7,0,2
45,8,0,2
45,9,0,2
45,10,0,2
45,11,1,10
45,12,0,2
45,13,0,2
45,14,1,10
45,15,0,2
45,16,0,2
45,17,0,2
45,18,1,10
45,19,1,10
45,20,1,10
45,21,1,0
45,22,1,10
45,23,1,10
45,24,1,10
45,25,1,10
45,26,1,0
45,27,1,10
45,28,0,2
45,29,0,2
45,30,0,2
45,31,0,2
45,32,1,10
45,33,1,10
45,34,1,10
45,35,1,10
45,36,1,10
45,37,0,2
45,38,0,2
45,39,0,2
45,40,1,10
45,41,1,10
45,42,0,2
45,43,0,2
45,44,0,2
45,45,1,10
45,46,0,2
45,47,1,10
45,48,1,10
45,49,1,0
45,50,1,10
45,51,1,10
45,52,1,0
45,53,0,2
45,54,1,10
45,55,1,10
45,56,1,10
45,57,1,10
45,58,0,2
45,59,0,2
45,60,0,2
45,61,1,10
45,62,0,2
45,63,1,10
45,64,1,10
45,65,1,10
45,66,1,10
45,67,1,10
45,68,0,2
45,69,0,2
45,70,1,10
45,71,1,10
45,72,1,10
45,73,1,10
45,74,1,10
45,75,1,0
45,76,1,10
45,77,1,10
45,78,1,10
45,79,1,0
45,80,1,10
45,81,1,10
45,82,1,10
45,83,1,10
45,84,1,10
45,85,1,10
45,86,1,10
45,87,1,0
45,88,0,2
45,89,1,10
45,90,1,10
45,91,0,2
45,92,0,2
45,93,1,10
45,94,1,10
45,95,1,10
45,96,1,10
45,97,1,10
45,98,1,10
45,99,1,10
46,0,0,2
46,1,1,10
46,2,1,10
46,3,1,10
46,4,0,2
46,5,1,10
46,6,1,10
46,7,1,10
46,8,0,2
46,9,0,2
46,10,1,0
46,11,1,10
46,12,1,10
46,13,1,10
46,14,0,2
46,15,1,10
46,16,1,10
46,17,0,2
46,18,0,2
46,19,1,10
46,20,1,10
46,21,0,2
46,22,1,10
46,23,0,2
46,24,0,2
46,25,0,2
46,26,1,10
46,27,0,2
46,28,0,2
46,29,1,10
46,30,1,10
46,31,0,2
46,32,0,2
46,33,1,10
46,34,1,10
46,35,1,10
46,36,0,2
46,37,0,2
46,38,1,10
46,39,0,2
46,40,0,2
46,41,0,2
46,42,1,10
46,43,0,2
46,44,1,10
46,45,1,10
46,46,0,2
46,47,0,2
46,48,1,10
46,49,0,2
46,50,1,10
46,51,1,10
46,52,1,10
46,53,1,10
46,54,1,10
46,55,0,2
46,56,0,2
46,57,1,10
46,58,1,10
46,59,1,10
46,60,1,10
46,61,0,2
46,62,0,2
46,63,1,10
46,64,1,10
46,65,1,10
46,66,1,10
46,67,1,10
46,68,1,10
46,69,0,2
46,70,1,10
46,71,1,10
46,72,1,10
46,73,0,2
46,74,1,10
46,75,0,2
46,76,0,2
46,77,0,2
46,78,0,2
46,79,1,10
46,80,1,10
46,81,0,2
46,82,1,10
46,83,1,10
46,84,1,10
46,85,1,10
46,86,1,10
46,87,0,2
46,88,1,10
46,89,1,10
46,90,1,10
46,91,1,10
46,92,1,10
46,93,1,10
46,94,1,10
46,95,0,2
46,96,0,2
46,97,1,10
46,98,0,2
46,99,0,2
47,0,0,2
47,1,1,10
47,2,0,2
47,3,0,2
47,4,0,2
47,5,1,10
47,6,1,10
47,7,1,10
47,8,0,2
47,9,0,2
47,10,0,2
47,11,1,10
47,12,1,10
47,13,0,2
47,14,1,10
47,15,0,2
47,16,1,10
47,17,1,0
47,18,0,2
47,19,0,2
47,20,0,2
47,21,0,2
47,22,0,2
47,23,0,2
47,24,1,10
47,25,1,10
47,26,1,10
47,27,1,10
47,28,1,10
47,29,1,10
47,30,1,10
47,31,0,2
47,32,0,2
47,33,0,2
47,34,1,10
47,35,0,2
47,36,1,10
47,37,0,2
47,38,0,2
47,39,0,2
47,40,0,2
47,41,0,2
47,42,0,2
47,43,0,2
47,44,1,10
47,45,0,2
47,46,0,2
47,47,0,2
47,48,1,10
47,49,0,2
47,50,1,10
47,51,0,2
47,52,1,10
47,53,1,10
47,54,1,10
47,55,1,10
47,56,1,10
47,57,1,10
47,58,1,10
47,59,1,10
47,60,0,2
47,61,0,2
47,62,1,10
47,63,1,10
47,64,1,10
47,65,1,10
47,66,1,10
47,67,1,10
47,68,0,2
47,69,0,2
47,70,0,2
47,71,1,10
47,72,1,10
47,73,1,10
47,74,1,10
47,75,1,0
47,76,0,2
47,77,0,2
47,78,1,10
47,79,0,2
47,80,0,2
47,81,0,2
47,82,1,10
47,83,1,10
47,84,1,10
47,85,1,10
47,86,1,10
47,87,1,10
47,88,1,10
47,89,1,10
47,90,1,10
47,91,1,10
47,92,1,10
47,93,1,10
47,94,0,2
47,95,0,2
47,96,0,2
47,97,1,10
47,98,0,2
47,99,0,2
48,0,0,2
48,1,1,10
48,2,1,10
48,3,1,10
48,4,1,10
48,5,1,10
48,6,1,10
48,7,1,10
48,8,0,2
48,9,0,2
48,10,1,10
48,11,1,0
48,12,0,2
48,13,0,2
48,14,1,0
48,15,1,0
48,16,1,10
48,17,0,2
48,18,0,2
48,19,0,2
48,20,1,10
48,21,0,2
48,22,0,2
48,23,0,2
48,24,0,2
48,25,0,2
48,26,0,2
48,27,0,2
48,28,0,2
48,29,0,2
48,30,1,10
48,31,0,2
48,32,1,10
48,33,1,10
48,34,1,10
48,35,1,10
48,36,0,2
48,37,0,2
48,38,1,10
48,39,1,0
48,40,0,2
48,41,0,2
48,42,1,10
48,43,1,10
48,44,1,0
48,45,1,10
48,46,1,10
48,47,1,10
48,48,1,10
48,49,1,10
48,50,1,10
48,51,1,10
48,52,1,10
48,53,0,2
48,54,0,2
48,55,1,10
48,56,1,10
48,57,1,10
48,58,1,10
48,59,1,10
48,60,1,0
48,61,0,2
48,62,1,10
48,63,1,10
48,64,1,10
48,65,0,2
48,66,1,10
48,67,0,2
48,68,1,10
48,69,1,10
48,70,1,10
48,71,1,10
48,72,1,10
48,73,1,10
48,74,0,2
48,75,0,2
48,76,0,2
48,77,0,2
48,78,1,10
48,79,1,10
48,80,0,2
48,81,1,10
48,82,1,10
48,83,1,10
48,84,1,10
48,85,1,10
48,86,1,10
48,87,1,10
48,88,0,2
48,89,0,2
48,90,0,2
48,91,0,2
48,92,0,2
48,93,0,2
48,94,1,10
48,95,1,10
48,96,1,0
48,97,0,2
48,98,0,2
48,99,1,10
49,0,1,10
49,1,1,10
49,2,1,10
49,3,1,10
49,4,1,10
49,5,1,10
49,6,1,10
49,7,1,10
49,8,1,10
49,9,1,10
49,10,0,2
49,11,0,2
49,12,1,10
49,13,0,2
49,14,0,2
49,15,1,0
49,16,0,2
49,17,0,2
49,18,1,10
49,19,0,2
49,20,1,10
49,21,1,10
49,22,1,10
49,23,0,2
49,24,0,2
49,25,1,10
49,26,1,10
49,27,1,10
49,28,1,10
49,29,1,10
49,30,0,2
49,31,0,2
49,32,0,2
49,33,0,2
49,34,0,2
49,35,1,10
49,36,1,10
49,37,0,2
49,38,0,2
49,39,0,2
49,40,0,2
49,41,0,2
49,42,0,2
49,43,0,2
49,44,1,10
49,45,1,10
49,46,1,10
49,47,0,2
49,48,1,10
49,49,0,2
49,50,0,2
49,51,1,10
49,52,1,10
49,53,1,10
49,54,0,2
49,55,1,10
49,56,1,10
49,57,0,2
49,58,1,10
49,59,1,10
49,60,1,10
49,61,1,0
49,62,1,0
49,63,1,10
49,64,1,10
49,65,0,2
49,66,1,10
49,67,0,2
49,68,1,10
49,69,1,10
49,70,1,10
49,71,1,10
49,72,1,10
49,73,1,10
49,74,0,2
49,75,0,2
49,76,1,10
49,77,0,2
49,78,1,10
49,79,1,10
49,80,0,2
49,81,0,2
49,82,0,2
49,83,1,0
49,84,0,2
49,85,1,10
49,86,1,10
49,87,1,10
49,88,1,10
49,89,1,10
49,90,1,10
49,91,1,10
49,92,0,2
49,93,1,10
49,94,1,10
49,95,1,10
49,96,0,2
49,97,1,10
49,98,1,10
49,99,1,0
